Cavendish Experiment - Version 1.0
(c) Seth Price, 2017
4/16/2018	9:56:41 AM

Time (s)	Voltage (V)

0.000000	0.154192
0.250000	0.155108
0.500000	0.156329
0.750000	0.156176
1.000000	0.157702
1.250000	0.157549
1.500000	0.159228
1.750000	0.159533
2.000000	0.160754
2.250000	0.161212
2.500000	0.161975
2.750000	0.163195
3.000000	0.163195
3.250000	0.164416
3.500000	0.164569
3.750000	0.165942
4.000000	0.165789
4.250000	0.167773
4.500000	0.167620
4.750000	0.169146
5.000000	0.169604
5.250000	0.170214
5.500000	0.171130
5.750000	0.171588
6.000000	0.172656
6.250000	0.172808
6.500000	0.174792
6.750000	0.174640
7.000000	0.176623
7.250000	0.176776
7.500000	0.178302
7.750000	0.178454
8.000000	0.179217
8.250000	0.180133
8.500000	0.180743
8.750000	0.182116
9.000000	0.182116
9.250000	0.183795
9.500000	0.183795
9.750000	0.185626
10.000000	0.185626
10.250000	0.187152
10.500000	0.187915
10.750000	0.188830
11.000000	0.190051
11.250000	0.190204
11.500000	0.191424
11.750000	0.191424
12.000000	0.193103
12.250000	0.192950
12.500000	0.194629
12.750000	0.194629
13.000000	0.195544
13.250000	0.195697
13.500000	0.196155
13.750000	0.196612
14.000000	0.197223
14.250000	0.198291
14.500000	0.198291
14.750000	0.199512
15.000000	0.199512
15.250000	0.201495
15.500000	0.201038
15.750000	0.202411
16.000000	0.202411
16.250000	0.203784
16.500000	0.204242
16.750000	0.205005
17.000000	0.205768
17.250000	0.206073
17.500000	0.208057
17.750000	0.207752
18.000000	0.209430
18.250000	0.208972
18.500000	0.210498
18.750000	0.210193
19.000000	0.211719
19.250000	0.212177
19.500000	0.212329
19.750000	0.212940
20.000000	0.212787
20.250000	0.214313
20.500000	0.213550
20.750000	0.215076
21.000000	0.214160
21.250000	0.215839
21.500000	0.215534
21.750000	0.216602
22.000000	0.216297
22.250000	0.216754
22.500000	0.217212
22.750000	0.217365
23.000000	0.218280
23.250000	0.217975
23.500000	0.219654
23.750000	0.218585
24.000000	0.220569
24.250000	0.219806
24.500000	0.221332
24.750000	0.221027
25.000000	0.221637
25.250000	0.222248
25.500000	0.222248
25.750000	0.223316
26.000000	0.222705
26.250000	0.224384
26.500000	0.223774
26.750000	0.225605
27.000000	0.224689
27.250000	0.225757
27.500000	0.225452
27.750000	0.226673
28.000000	0.227131
28.250000	0.227131
28.500000	0.227741
28.750000	0.226978
29.000000	0.228199
29.250000	0.226978
29.500000	0.228504
29.750000	0.227588
30.000000	0.228809
30.250000	0.228809
30.500000	0.229419
30.750000	0.229725
31.000000	0.229725
31.250000	0.230335
31.500000	0.229877
31.750000	0.231098
32.000000	0.230488
32.250000	0.231861
32.500000	0.231556
32.750000	0.233082
33.000000	0.232319
33.250000	0.233234
33.500000	0.233234
33.750000	0.233234
34.000000	0.233692
34.250000	0.233082
34.500000	0.233997
34.750000	0.233234
35.000000	0.234455
35.250000	0.233539
35.500000	0.234607
35.750000	0.234150
36.000000	0.235065
36.250000	0.234760
36.500000	0.234607
36.750000	0.235065
37.000000	0.234760
37.250000	0.235523
37.500000	0.234913
37.750000	0.235981
38.000000	0.234760
38.250000	0.235676
38.500000	0.235065
38.750000	0.235370
39.000000	0.234760
39.250000	0.235218
39.500000	0.235676
39.750000	0.235370
40.000000	0.235828
40.250000	0.234913
40.500000	0.236286
40.750000	0.235523
41.000000	0.236896
41.250000	0.236286
41.500000	0.236744
41.750000	0.235981
42.000000	0.236439
42.250000	0.236286
42.500000	0.236286
42.750000	0.236591
43.000000	0.235828
43.250000	0.237201
43.500000	0.236591
43.750000	0.237659
44.000000	0.236896
44.250000	0.237354
44.500000	0.236744
44.750000	0.237507
45.000000	0.237354
45.250000	0.237201
45.500000	0.237812
45.750000	0.237354
46.000000	0.237812
46.250000	0.236439
46.500000	0.237201
46.750000	0.235981
47.000000	0.236744
47.250000	0.235981
47.500000	0.236439
47.750000	0.235828
48.000000	0.235828
48.250000	0.235523
48.500000	0.235370
48.750000	0.235828
49.000000	0.234913
49.250000	0.235981
49.500000	0.234760
49.750000	0.235218
50.000000	0.234150
50.250000	0.234150
50.500000	0.233234
50.750000	0.232929
51.000000	0.232624
51.250000	0.231861
51.500000	0.232319
51.750000	0.231250
52.000000	0.231861
52.250000	0.231403
52.500000	0.231861
52.750000	0.231403
53.000000	0.232319
53.250000	0.231708
53.500000	0.231556
53.750000	0.231708
54.000000	0.231403
54.250000	0.231556
54.500000	0.231403
54.750000	0.231556
55.000000	0.230945
55.250000	0.231250
55.500000	0.230488
55.750000	0.230793
56.000000	0.230182
56.250000	0.230030
56.500000	0.229877
56.750000	0.229725
57.000000	0.228962
57.250000	0.228046
57.500000	0.227741
57.750000	0.226825
58.000000	0.226825
58.250000	0.225605
58.500000	0.225299
58.750000	0.224537
59.000000	0.224079
59.250000	0.223468
59.500000	0.222553
59.750000	0.222248
60.000000	0.221485
60.250000	0.221332
60.500000	0.220569
60.750000	0.220569
61.000000	0.219654
61.250000	0.219654
61.500000	0.218738
61.750000	0.218585
62.000000	0.218433
62.250000	0.217823
62.500000	0.217975
62.750000	0.217212
63.000000	0.217365
63.250000	0.216449
63.500000	0.216602
63.750000	0.215686
64.000000	0.215534
64.250000	0.214923
64.500000	0.214008
64.750000	0.213397
65.000000	0.212177
65.250000	0.211719
65.500000	0.210651
65.750000	0.210651
66.000000	0.209277
66.250000	0.209583
66.500000	0.208820
66.750000	0.208667
67.000000	0.207752
67.250000	0.207904
67.500000	0.207294
67.750000	0.206073
68.000000	0.205005
68.250000	0.203937
68.500000	0.203784
68.750000	0.202411
69.000000	0.202411
69.250000	0.201343
69.500000	0.201343
69.750000	0.200732
70.000000	0.200122
70.250000	0.199664
70.500000	0.198749
70.750000	0.198291
71.000000	0.197528
71.250000	0.197528
71.500000	0.196460
71.750000	0.196460
72.000000	0.195544
72.250000	0.195392
72.500000	0.194934
72.750000	0.194629
73.000000	0.194324
73.250000	0.193561
73.500000	0.193561
73.750000	0.192493
74.000000	0.192340
74.250000	0.191272
74.500000	0.191577
74.750000	0.190661
75.000000	0.190661
75.250000	0.189899
75.500000	0.189899
75.750000	0.189136
76.000000	0.188983
76.250000	0.188373
76.500000	0.187304
76.750000	0.186999
77.000000	0.185779
77.250000	0.186236
77.500000	0.185168
77.750000	0.184863
78.000000	0.184405
78.250000	0.184100
78.500000	0.183032
78.750000	0.182727
79.000000	0.182422
79.250000	0.181506
79.500000	0.181811
79.750000	0.180591
80.000000	0.180591
80.250000	0.179675
80.500000	0.179522
80.750000	0.178759
81.000000	0.178759
81.250000	0.178149
81.500000	0.177386
81.750000	0.177234
82.000000	0.176318
82.250000	0.176471
82.500000	0.175708
82.750000	0.176013
83.000000	0.174640
83.250000	0.174640
83.500000	0.173571
83.750000	0.173571
84.000000	0.172808
84.250000	0.172351
84.500000	0.172351
84.750000	0.171283
85.000000	0.171740
85.250000	0.170520
85.500000	0.170825
85.750000	0.169299
86.000000	0.169451
86.250000	0.168078
86.500000	0.167773
86.750000	0.166857
87.000000	0.165942
87.250000	0.165789
87.500000	0.164569
87.750000	0.164569
88.000000	0.163043
88.250000	0.163500
88.500000	0.161975
88.750000	0.161822
89.000000	0.160906
89.250000	0.160601
89.500000	0.159686
89.750000	0.159075
90.000000	0.158618
90.250000	0.157549
90.500000	0.158007
90.750000	0.156634
91.000000	0.156939
91.250000	0.155566
91.500000	0.156176
91.750000	0.154955
92.000000	0.154803
92.250000	0.154040
92.500000	0.153124
92.750000	0.153124
93.000000	0.152056
93.250000	0.152209
93.500000	0.151141
93.750000	0.151751
94.000000	0.150530
94.250000	0.150835
94.500000	0.150225
94.750000	0.149767
95.000000	0.149462
95.250000	0.148547
95.500000	0.149462
95.750000	0.148394
96.000000	0.149004
96.250000	0.147784
96.500000	0.148394
96.750000	0.147326
97.000000	0.147326
97.250000	0.146715
97.500000	0.146258
97.750000	0.146105
98.000000	0.145037
98.250000	0.145495
98.500000	0.144274
98.750000	0.144884
99.000000	0.142901
99.250000	0.143816
99.500000	0.142443
99.750000	0.142596
100.000000	0.141222
100.250000	0.141375
100.500000	0.140917
100.750000	0.140459
101.000000	0.141222
101.250000	0.139544
101.500000	0.140764
101.750000	0.139086
102.000000	0.139696
102.250000	0.138628
102.500000	0.138933
102.750000	0.138018
103.000000	0.137865
103.250000	0.137407
103.500000	0.136339
103.750000	0.137102
104.000000	0.135729
104.250000	0.136339
104.500000	0.134966
104.750000	0.135424
105.000000	0.134508
105.250000	0.135119
105.500000	0.134356
105.750000	0.134356
106.000000	0.134661
106.250000	0.134051
106.500000	0.134508
106.750000	0.133288
107.000000	0.134356
107.250000	0.132830
107.500000	0.133745
107.750000	0.132372
108.000000	0.132830
108.250000	0.132677
108.500000	0.132372
108.750000	0.132982
109.000000	0.132372
109.250000	0.132982
109.500000	0.131609
109.750000	0.132677
110.000000	0.130999
110.250000	0.132067
110.500000	0.130999
110.750000	0.131609
111.000000	0.131762
111.250000	0.131456
111.500000	0.132219
111.750000	0.131304
112.000000	0.132525
112.250000	0.131609
112.500000	0.132677
112.750000	0.131151
113.000000	0.132219
113.250000	0.131151
113.500000	0.131609
113.750000	0.131304
114.000000	0.130846
114.250000	0.131304
114.500000	0.130388
114.750000	0.131456
115.000000	0.130236
115.250000	0.131456
115.500000	0.130083
115.750000	0.131456
116.000000	0.130846
116.250000	0.131304
116.500000	0.130388
116.750000	0.130694
117.000000	0.130846
117.250000	0.130083
117.500000	0.131151
117.750000	0.130083
118.000000	0.131151
118.250000	0.129625
118.500000	0.130236
118.750000	0.128862
119.000000	0.129778
119.250000	0.129168
119.500000	0.129168
119.750000	0.129015
120.000000	0.128252
120.250000	0.128710
120.500000	0.127794
120.750000	0.129015
121.000000	0.128099
121.250000	0.129015
121.500000	0.128252
121.750000	0.128862
122.000000	0.128557
122.250000	0.128557
122.500000	0.128710
122.750000	0.128557
123.000000	0.129015
123.250000	0.128710
123.500000	0.129778
123.750000	0.129015
124.000000	0.130083
124.250000	0.129778
124.500000	0.130083
124.750000	0.130083
125.000000	0.129931
125.250000	0.130846
125.500000	0.130388
125.750000	0.131456
126.000000	0.130999
126.250000	0.131456
126.500000	0.131304
126.750000	0.132067
127.000000	0.131914
127.250000	0.132372
127.500000	0.132372
127.750000	0.132525
128.000000	0.132372
128.250000	0.132677
128.500000	0.133288
128.750000	0.133440
129.000000	0.134356
129.250000	0.133898
129.500000	0.134813
129.750000	0.134356
130.000000	0.135424
130.250000	0.135424
130.500000	0.135882
130.750000	0.135882
131.000000	0.135882
131.250000	0.136645
131.500000	0.136339
131.750000	0.137255
132.000000	0.137102
132.250000	0.138323
132.500000	0.138323
132.750000	0.138933
133.000000	0.139391
133.250000	0.140002
133.500000	0.140307
133.750000	0.140307
134.000000	0.141222
134.250000	0.141527
134.500000	0.142290
134.750000	0.141833
135.000000	0.142901
135.250000	0.142596
135.500000	0.144121
135.750000	0.143511
136.000000	0.144579
136.250000	0.144884
136.500000	0.145342
136.750000	0.146105
137.000000	0.145495
137.250000	0.147021
137.500000	0.146563
137.750000	0.147784
138.000000	0.147784
138.250000	0.149157
138.500000	0.149310
138.750000	0.149767
139.000000	0.150072
139.250000	0.150072
139.500000	0.151141
139.750000	0.150988
140.000000	0.152209
140.250000	0.151446
140.500000	0.152667
140.750000	0.152361
141.000000	0.153735
141.250000	0.153887
141.500000	0.154803
141.750000	0.155413
142.000000	0.155413
142.250000	0.156329
142.500000	0.156481
142.750000	0.157549
143.000000	0.157397
143.250000	0.158923
143.500000	0.158465
143.750000	0.160143
144.000000	0.159991
144.250000	0.161212
144.500000	0.161364
144.750000	0.162127
145.000000	0.163195
145.250000	0.162890
145.500000	0.164721
145.750000	0.163806
146.000000	0.165484
146.250000	0.164721
146.500000	0.166400
146.750000	0.165789
147.000000	0.167163
147.250000	0.167163
147.500000	0.167620
147.750000	0.168383
148.000000	0.168078
148.250000	0.170214
148.500000	0.168994
148.750000	0.171130
149.000000	0.170367
149.250000	0.172656
149.500000	0.165179
149.750000	0.156329
150.000000	0.152209
150.250000	0.148089
150.500000	0.135424
150.750000	0.125811
151.000000	0.120623
151.250000	0.114214
151.500000	0.108568
151.750000	0.099107
152.000000	0.093767
152.250000	0.085527
152.500000	0.079118
152.750000	0.072557
153.000000	0.068894
153.250000	0.063401
153.500000	0.058366
153.750000	0.054093
154.000000	0.046616
154.250000	0.043259
154.500000	0.037003
154.750000	0.031052
155.000000	0.023117
155.250000	0.018235
155.500000	0.015183
155.750000	0.014572
156.000000	0.014572
156.250000	0.015030
156.500000	0.018082
156.750000	0.018235
157.000000	0.020066
157.250000	0.019303
157.500000	0.022049
157.750000	0.022812
158.000000	0.023423
158.250000	0.022202
158.500000	0.023880
158.750000	0.027085
159.000000	0.028458
159.250000	0.029831
159.500000	0.029679
159.750000	0.030900
160.000000	0.030442
160.250000	0.032578
160.500000	0.031968
160.750000	0.033494
161.000000	0.033341
161.250000	0.034409
161.500000	0.034714
161.750000	0.034867
162.000000	0.035935
162.250000	0.036088
162.500000	0.037613
162.750000	0.037461
163.000000	0.039139
163.250000	0.038682
163.500000	0.040055
163.750000	0.039902
164.000000	0.040970
164.250000	0.041733
164.500000	0.042344
164.750000	0.043259
165.000000	0.043259
165.250000	0.044633
165.500000	0.044175
165.750000	0.046006
166.000000	0.045701
166.250000	0.047074
166.500000	0.047074
166.750000	0.048295
167.000000	0.048447
167.250000	0.049210
167.500000	0.050126
167.750000	0.050431
168.000000	0.051652
168.250000	0.051499
168.500000	0.053025
168.750000	0.052567
169.000000	0.054093
169.250000	0.053788
169.500000	0.054856
169.750000	0.055467
170.000000	0.056229
170.250000	0.056840
170.500000	0.057298
170.750000	0.058213
171.000000	0.058213
171.250000	0.059434
171.500000	0.059281
171.750000	0.060960
172.000000	0.060349
172.250000	0.062181
172.500000	0.062181
172.750000	0.063249
173.000000	0.063706
173.250000	0.064469
173.500000	0.065232
173.750000	0.065537
174.000000	0.066606
174.250000	0.066300
174.500000	0.067826
174.750000	0.067521
175.000000	0.068742
175.250000	0.068894
175.500000	0.070420
175.750000	0.070420
176.000000	0.071031
176.250000	0.071794
176.500000	0.072557
176.750000	0.073472
177.000000	0.072862
177.250000	0.074388
177.500000	0.074540
177.750000	0.075914
178.000000	0.075761
178.250000	0.076982
178.500000	0.076677
178.750000	0.077592
179.000000	0.078050
179.250000	0.077897
179.500000	0.078660
179.750000	0.078660
180.000000	0.080034
180.250000	0.079881
180.500000	0.081102
180.750000	0.080797
181.000000	0.081865
181.250000	0.082017
181.500000	0.082780
181.750000	0.083238
182.000000	0.083848
182.250000	0.084611
182.500000	0.084764
182.750000	0.086290
183.000000	0.085527
183.250000	0.086900
183.500000	0.086900
183.750000	0.087968
184.000000	0.087663
184.250000	0.088426
184.500000	0.088579
184.750000	0.089036
185.000000	0.089952
185.250000	0.089647
185.500000	0.090410
185.750000	0.090410
186.000000	0.091630
186.250000	0.091630
186.500000	0.092699
186.750000	0.092699
187.000000	0.093767
187.250000	0.093767
187.500000	0.094224
187.750000	0.094835
188.000000	0.094835
188.250000	0.095598
188.500000	0.095445
188.750000	0.096208
189.000000	0.095903
189.250000	0.096818
189.500000	0.097124
189.750000	0.098497
190.000000	0.098497
190.250000	0.099260
190.500000	0.100023
190.750000	0.100175
191.000000	0.100786
191.250000	0.100633
191.500000	0.101244
191.750000	0.100786
192.000000	0.102159
192.250000	0.101701
192.500000	0.102617
192.750000	0.102617
193.000000	0.103227
193.250000	0.103685
193.500000	0.103838
193.750000	0.104448
194.000000	0.104295
194.250000	0.105516
194.500000	0.105516
194.750000	0.106432
195.000000	0.106279
195.250000	0.107042
195.500000	0.106889
195.750000	0.107500
196.000000	0.107652
196.250000	0.107805
196.500000	0.107958
196.750000	0.108263
197.000000	0.108415
197.250000	0.108721
197.500000	0.108721
197.750000	0.109178
198.000000	0.109941
198.250000	0.109789
198.500000	0.110094
198.750000	0.110399
199.000000	0.110399
199.250000	0.110246
199.500000	0.110552
199.750000	0.110552
200.000000	0.110552
200.250000	0.110704
200.500000	0.110857
200.750000	0.111620
201.000000	0.111009
201.250000	0.111620
201.500000	0.111772
201.750000	0.112078
202.000000	0.111620
202.250000	0.112078
202.500000	0.112230
202.750000	0.112230
203.000000	0.112688
203.250000	0.112688
203.500000	0.112840
203.750000	0.112688
204.000000	0.112993
204.250000	0.112993
204.500000	0.113146
204.750000	0.113298
205.000000	0.113451
205.250000	0.113451
205.500000	0.113298
205.750000	0.113909
206.000000	0.113451
206.250000	0.113756
206.500000	0.113603
206.750000	0.114214
207.000000	0.114366
207.250000	0.114366
207.500000	0.114366
207.750000	0.114366
208.000000	0.114977
208.250000	0.115129
208.500000	0.115282
208.750000	0.115282
209.000000	0.115434
209.250000	0.115740
209.500000	0.115434
209.750000	0.115282
210.000000	0.115282
210.250000	0.115434
210.500000	0.115129
210.750000	0.115434
211.000000	0.115740
211.250000	0.115740
211.500000	0.115892
211.750000	0.115587
212.000000	0.115740
212.250000	0.115587
212.500000	0.116197
212.750000	0.116350
213.000000	0.116503
213.250000	0.116045
213.500000	0.116045
213.750000	0.115892
214.000000	0.116197
214.250000	0.116045
214.500000	0.115740
214.750000	0.115434
215.000000	0.115587
215.250000	0.115740
215.500000	0.115587
215.750000	0.115587
216.000000	0.115587
216.250000	0.115434
216.500000	0.115587
216.750000	0.115587
217.000000	0.115587
217.250000	0.115434
217.500000	0.115434
217.750000	0.115129
218.000000	0.114977
218.250000	0.114824
218.500000	0.114672
218.750000	0.113756
219.000000	0.113909
219.250000	0.113603
219.500000	0.113146
219.750000	0.112840
220.000000	0.112688
220.250000	0.112840
220.500000	0.112230
220.750000	0.112688
221.000000	0.112230
221.250000	0.112078
221.500000	0.111620
221.750000	0.111772
222.000000	0.111772
222.250000	0.111162
222.500000	0.110857
222.750000	0.110857
223.000000	0.110704
223.250000	0.110246
223.500000	0.110399
223.750000	0.109789
224.000000	0.109789
224.250000	0.109789
224.500000	0.109178
224.750000	0.109026
225.000000	0.108568
225.250000	0.108415
225.500000	0.107652
225.750000	0.107652
226.000000	0.106889
226.250000	0.107042
226.500000	0.106584
226.750000	0.106432
227.000000	0.105974
227.250000	0.105821
227.500000	0.105211
227.750000	0.104906
228.000000	0.104753
228.250000	0.103990
228.500000	0.103838
228.750000	0.103532
229.000000	0.103227
229.250000	0.102922
229.500000	0.102922
229.750000	0.102159
230.000000	0.102007
230.250000	0.101701
230.500000	0.101854
230.750000	0.101549
231.000000	0.100938
231.250000	0.100633
231.500000	0.100786
231.750000	0.100481
232.000000	0.100023
232.250000	0.099718
232.500000	0.098802
232.750000	0.098802
233.000000	0.098039
233.250000	0.097734
233.500000	0.097124
233.750000	0.096971
234.000000	0.096666
234.250000	0.096056
234.500000	0.095598
234.750000	0.095445
235.000000	0.095140
235.250000	0.094835
235.500000	0.094530
235.750000	0.094224
236.000000	0.093767
236.250000	0.093156
236.500000	0.092546
236.750000	0.092241
237.000000	0.091783
237.250000	0.091478
237.500000	0.090410
237.750000	0.090562
238.000000	0.089799
238.250000	0.089494
238.500000	0.089342
238.750000	0.089036
239.000000	0.088731
239.250000	0.088273
239.500000	0.087968
239.750000	0.087358
240.000000	0.087358
240.250000	0.086900
240.500000	0.086595
240.750000	0.085679
241.000000	0.085679
241.250000	0.085069
241.500000	0.085069
241.750000	0.084459
242.000000	0.084001
242.250000	0.084001
242.500000	0.083085
242.750000	0.082780
243.000000	0.082170
243.250000	0.082322
243.500000	0.081712
243.750000	0.082017
244.000000	0.080797
244.250000	0.080491
244.500000	0.080034
244.750000	0.079118
245.000000	0.078965
245.250000	0.078355
245.500000	0.078660
245.750000	0.077897
246.000000	0.077745
246.250000	0.076829
246.500000	0.076524
246.750000	0.075456
247.000000	0.075761
247.250000	0.074998
247.500000	0.074998
247.750000	0.074235
248.000000	0.073930
248.250000	0.073625
248.500000	0.072862
248.750000	0.073014
249.000000	0.071946
249.250000	0.071641
249.500000	0.070726
249.750000	0.070420
250.000000	0.069810
250.250000	0.069963
250.500000	0.069200
250.750000	0.068894
251.000000	0.068437
251.250000	0.067826
251.500000	0.067674
251.750000	0.067063
252.000000	0.066758
252.250000	0.066300
252.500000	0.065690
252.750000	0.065232
253.000000	0.064927
253.250000	0.064469
253.500000	0.064012
253.750000	0.063706
254.000000	0.063096
254.250000	0.062333
254.500000	0.061875
254.750000	0.061723
255.000000	0.061265
255.250000	0.061112
255.500000	0.060655
255.750000	0.060044
256.000000	0.059586
256.250000	0.059281
256.500000	0.059129
256.750000	0.058366
257.000000	0.057908
257.250000	0.057603
257.500000	0.057145
257.750000	0.056687
258.000000	0.056382
258.250000	0.056077
258.500000	0.055772
258.750000	0.055467
259.000000	0.055009
259.250000	0.055009
259.500000	0.053788
259.750000	0.053788
260.000000	0.053483
260.250000	0.053483
260.500000	0.052720
260.750000	0.052110
261.000000	0.051957
261.250000	0.051347
261.500000	0.051347
261.750000	0.050431
262.000000	0.050584
262.250000	0.049668
262.500000	0.050278
262.750000	0.049210
263.000000	0.049210
263.250000	0.048447
263.500000	0.048142
263.750000	0.047990
264.000000	0.047532
264.250000	0.047379
264.500000	0.046616
264.750000	0.046921
265.000000	0.045396
265.250000	0.046006
265.500000	0.044633
265.750000	0.044938
266.000000	0.044022
266.250000	0.044480
266.500000	0.043717
266.750000	0.043412
267.000000	0.043259
267.250000	0.042344
267.500000	0.042496
267.750000	0.041276
268.000000	0.041886
268.250000	0.040665
268.500000	0.041123
268.750000	0.039902
269.000000	0.040208
269.250000	0.039902
269.500000	0.039750
269.750000	0.039750
270.000000	0.039292
270.250000	0.039139
270.500000	0.037919
270.750000	0.038529
271.000000	0.037613
271.250000	0.038071
271.500000	0.037308
271.750000	0.037766
272.000000	0.036698
272.250000	0.036851
272.500000	0.036393
272.750000	0.035630
273.000000	0.035782
273.250000	0.034714
273.500000	0.035325
273.750000	0.033951
274.000000	0.034714
274.250000	0.033341
274.500000	0.033799
274.750000	0.033188
275.000000	0.033036
275.250000	0.032883
275.500000	0.032578
275.750000	0.032731
276.000000	0.031815
276.250000	0.032273
276.500000	0.031662
276.750000	0.032273
277.000000	0.031510
277.250000	0.031815
277.500000	0.031357
277.750000	0.030900
278.000000	0.030900
278.250000	0.030594
278.500000	0.030594
278.750000	0.029984
279.000000	0.030442
279.250000	0.029526
279.500000	0.029984
279.750000	0.029068
280.000000	0.029374
280.250000	0.028458
280.500000	0.028305
280.750000	0.028305
281.000000	0.028153
281.250000	0.028611
281.500000	0.028153
281.750000	0.028458
282.000000	0.027543
282.250000	0.028153
282.500000	0.027543
282.750000	0.027848
283.000000	0.027390
283.250000	0.027543
283.500000	0.027543
283.750000	0.026627
284.000000	0.027085
284.250000	0.026322
284.500000	0.027085
284.750000	0.026017
285.000000	0.026932
285.250000	0.026169
285.500000	0.026780
285.750000	0.026169
286.000000	0.026169
286.250000	0.026169
286.500000	0.025559
286.750000	0.026169
287.000000	0.025559
287.250000	0.026169
287.500000	0.025711
287.750000	0.025864
288.000000	0.025559
288.250000	0.026017
288.500000	0.025711
288.750000	0.025864
289.000000	0.026169
289.250000	0.025711
289.500000	0.026017
289.750000	0.025406
290.000000	0.025864
290.250000	0.025254
290.500000	0.025864
290.750000	0.025406
291.000000	0.025711
291.250000	0.025254
291.500000	0.025406
291.750000	0.025254
292.000000	0.025254
292.250000	0.025711
292.500000	0.025406
292.750000	0.026017
293.000000	0.025711
293.250000	0.026169
293.500000	0.025559
293.750000	0.026017
294.000000	0.025864
294.250000	0.025711
294.500000	0.026169
294.750000	0.025864
295.000000	0.026627
295.250000	0.026169
295.500000	0.026627
295.750000	0.025864
296.000000	0.026780
296.250000	0.026017
296.500000	0.026474
296.750000	0.026169
297.000000	0.026322
297.250000	0.026627
297.500000	0.026474
297.750000	0.027237
298.000000	0.026322
298.250000	0.026932
298.500000	0.026322
298.750000	0.027085
299.000000	0.026627
299.250000	0.027695
299.500000	0.027085
299.750000	0.028000
300.000000	0.027695
300.250000	0.028153
300.500000	0.028153
300.750000	0.028305
301.000000	0.028916
301.250000	0.027848
301.500000	0.029068
301.750000	0.028305
302.000000	0.030289
302.250000	0.029526
302.500000	0.030900
302.750000	0.030442
303.000000	0.031052
303.250000	0.031052
303.500000	0.031052
303.750000	0.031815
304.000000	0.030900
304.250000	0.032120
304.500000	0.031510
304.750000	0.032425
305.000000	0.031510
305.250000	0.032731
305.500000	0.032425
305.750000	0.032578
306.000000	0.031815
306.250000	0.031357
306.500000	0.032120
306.750000	0.031357
307.000000	0.028305
307.250000	0.018387
307.500000	0.012436
307.750000	0.004349
308.000000	-0.002670
308.250000	-0.009842
308.500000	-0.014725
308.750000	-0.019303
309.000000	-0.021134
309.250000	-0.020066
309.500000	-0.020371
309.750000	-0.011215
310.000000	-0.000687
310.250000	0.011978
310.500000	0.018540
310.750000	0.024338
311.000000	0.025406
311.250000	0.026627
311.500000	0.026780
311.750000	0.027237
312.000000	0.028153
312.250000	0.027848
312.500000	0.028916
312.750000	0.028000
313.000000	0.029374
313.250000	0.029068
313.500000	0.029831
313.750000	0.028000
314.000000	0.026474
314.250000	0.020218
314.500000	0.016098
314.750000	0.011826
315.000000	0.011673
315.250000	0.011978
315.500000	0.011978
315.750000	0.012741
316.000000	0.012436
316.250000	0.007553
316.500000	-0.007553
316.750000	-0.017929
317.000000	-0.024949
317.250000	-0.027085
317.500000	-0.025101
317.750000	-0.022965
318.000000	-0.021592
318.250000	-0.021592
318.500000	-0.020829
318.750000	-0.021134
319.000000	-0.020066
319.250000	-0.020523
319.500000	-0.019303
319.750000	-0.019303
320.000000	-0.018692
320.250000	-0.018387
320.500000	-0.017472
320.750000	-0.017014
321.000000	-0.016861
321.250000	-0.016098
321.500000	-0.016556
321.750000	-0.015183
322.000000	-0.015335
322.250000	-0.013962
322.500000	-0.014115
322.750000	-0.013352
323.000000	-0.013046
323.250000	-0.012894
323.500000	-0.012589
323.750000	-0.012284
324.000000	-0.011215
324.250000	-0.011368
324.500000	-0.010605
324.750000	-0.010452
325.000000	-0.009995
325.250000	-0.009842
325.500000	-0.009232
325.750000	-0.008774
326.000000	-0.008469
326.250000	-0.008011
326.500000	-0.007706
326.750000	-0.006943
327.000000	-0.006790
327.250000	-0.006332
327.500000	-0.005722
327.750000	-0.004959
328.000000	-0.004654
328.250000	-0.004044
328.500000	-0.003433
328.750000	-0.002976
329.000000	-0.002670
329.250000	-0.001907
329.500000	-0.001755
329.750000	-0.001144
330.000000	-0.001144
330.250000	-0.000992
330.500000	-0.000687
330.750000	-0.000076
331.000000	0.000381
331.250000	0.000992
331.500000	0.001602
331.750000	0.001755
332.000000	0.002365
332.250000	0.002518
332.500000	0.003433
332.750000	0.003586
333.000000	0.004654
333.250000	0.004807
333.500000	0.005264
333.750000	0.006027
334.000000	0.006180
334.250000	0.006485
334.500000	0.006943
334.750000	0.007858
335.000000	0.007553
335.250000	0.008621
335.500000	0.008774
335.750000	0.009537
336.000000	0.010147
336.250000	0.010605
336.500000	0.010758
336.750000	0.010758
337.000000	0.011978
337.250000	0.012284
337.500000	0.013046
337.750000	0.013199
338.000000	0.014267
338.250000	0.014420
338.500000	0.015030
338.750000	0.015488
339.000000	0.015793
339.250000	0.016709
339.500000	0.016709
339.750000	0.017472
340.000000	0.017777
340.250000	0.018387
340.500000	0.018540
340.750000	0.019303
341.000000	0.019303
341.250000	0.019913
341.500000	0.020371
341.750000	0.021134
342.000000	0.021897
342.250000	0.022202
342.500000	0.022965
342.750000	0.023117
343.000000	0.024033
343.250000	0.024033
343.500000	0.024796
343.750000	0.024949
344.000000	0.025406
344.250000	0.025559
344.500000	0.026322
344.750000	0.026627
345.000000	0.027237
345.250000	0.027848
345.500000	0.028305
345.750000	0.028611
346.000000	0.028916
346.250000	0.029221
346.500000	0.029526
346.750000	0.030289
347.000000	0.030289
347.250000	0.031205
347.500000	0.031357
347.750000	0.031510
348.000000	0.032273
348.250000	0.032425
348.500000	0.033188
348.750000	0.033341
349.000000	0.034104
349.250000	0.034562
349.500000	0.035172
349.750000	0.035477
350.000000	0.036088
350.250000	0.036698
350.500000	0.036851
350.750000	0.037308
351.000000	0.037156
351.250000	0.037766
351.500000	0.037919
351.750000	0.038376
352.000000	0.038682
352.250000	0.039139
352.500000	0.039292
352.750000	0.040055
353.000000	0.040513
353.250000	0.040970
353.500000	0.041276
353.750000	0.041886
354.000000	0.042191
354.250000	0.042496
354.500000	0.042954
354.750000	0.043412
355.000000	0.043870
355.250000	0.044022
355.500000	0.044480
355.750000	0.045243
356.000000	0.045396
356.250000	0.046159
356.500000	0.046311
356.750000	0.046769
357.000000	0.046921
357.250000	0.047227
357.500000	0.047684
357.750000	0.048142
358.000000	0.048142
358.250000	0.048600
358.500000	0.048905
358.750000	0.048905
359.000000	0.049821
359.250000	0.049821
359.500000	0.050278
359.750000	0.050278
360.000000	0.051347
360.250000	0.051499
360.500000	0.051957
360.750000	0.051957
361.000000	0.051957
361.250000	0.052720
361.500000	0.052873
361.750000	0.053330
362.000000	0.053178
362.250000	0.053941
362.500000	0.053941
362.750000	0.054551
363.000000	0.054551
363.250000	0.055009
363.500000	0.055619
363.750000	0.055467
364.000000	0.055772
364.250000	0.055924
364.500000	0.056077
364.750000	0.056229
365.000000	0.056687
365.250000	0.056840
365.500000	0.056992
365.750000	0.057450
366.000000	0.057603
366.250000	0.057908
366.500000	0.058518
366.750000	0.058671
367.000000	0.059129
367.250000	0.059281
367.500000	0.059739
367.750000	0.059739
368.000000	0.059892
368.250000	0.059739
368.500000	0.060349
368.750000	0.060655
369.000000	0.061112
369.250000	0.061112
369.500000	0.060807
369.750000	0.061112
370.000000	0.061875
370.250000	0.061418
370.500000	0.061723
370.750000	0.061418
371.000000	0.061570
371.250000	0.061723
371.500000	0.062333
371.750000	0.062333
372.000000	0.062791
372.250000	0.063096
372.500000	0.063249
372.750000	0.063096
373.000000	0.063249
373.250000	0.063401
373.500000	0.063554
373.750000	0.063401
374.000000	0.063859
374.250000	0.063859
374.500000	0.064317
374.750000	0.064469
375.000000	0.064469
375.250000	0.064622
375.500000	0.064622
375.750000	0.064927
376.000000	0.064469
376.250000	0.064775
376.500000	0.064775
376.750000	0.065232
377.000000	0.065232
377.250000	0.065232
377.500000	0.065690
377.750000	0.065537
378.000000	0.065843
378.250000	0.065385
378.500000	0.065843
378.750000	0.065843
379.000000	0.066300
379.250000	0.066148
379.500000	0.065995
379.750000	0.065995
380.000000	0.065843
380.250000	0.066606
380.500000	0.066148
380.750000	0.066758
381.000000	0.066453
381.250000	0.067216
381.500000	0.067216
381.750000	0.067063
382.000000	0.067521
382.250000	0.067521
382.500000	0.067826
382.750000	0.067826
383.000000	0.068132
383.250000	0.067521
383.500000	0.067826
383.750000	0.067979
384.000000	0.067826
384.250000	0.067826
384.500000	0.067369
384.750000	0.067826
385.000000	0.067521
385.250000	0.067979
385.500000	0.067674
385.750000	0.068132
386.000000	0.067826
386.250000	0.067674
386.500000	0.067521
386.750000	0.067216
387.000000	0.067521
387.250000	0.067216
387.500000	0.067521
387.750000	0.066606
388.000000	0.067216
388.250000	0.066453
388.500000	0.066606
388.750000	0.066453
389.000000	0.066453
389.250000	0.066300
389.500000	0.066148
389.750000	0.066606
390.000000	0.065995
390.250000	0.065843
390.500000	0.065080
390.750000	0.065537
391.000000	0.064927
391.250000	0.065232
391.500000	0.064775
391.750000	0.064927
392.000000	0.065080
392.250000	0.064317
392.500000	0.064775
392.750000	0.063706
393.000000	0.063859
393.250000	0.063096
393.500000	0.063706
393.750000	0.062943
394.000000	0.063401
394.250000	0.063096
394.500000	0.062943
394.750000	0.062943
395.000000	0.062181
395.250000	0.062638
395.500000	0.061723
395.750000	0.062638
396.000000	0.061723
396.250000	0.062486
396.500000	0.061570
396.750000	0.062028
397.000000	0.061418
397.250000	0.061265
397.500000	0.061418
397.750000	0.060655
398.000000	0.060960
398.250000	0.059892
398.500000	0.060655
398.750000	0.059434
399.000000	0.060044
399.250000	0.058824
399.500000	0.059129
399.750000	0.058366
400.000000	0.058518
400.250000	0.058824
400.500000	0.058518
400.750000	0.058976
401.000000	0.057603
401.250000	0.058213
401.500000	0.056992
401.750000	0.057603
402.000000	0.055924
402.250000	0.056840
402.500000	0.056382
402.750000	0.056229
403.000000	0.055924
403.250000	0.055467
403.500000	0.056077
403.750000	0.054856
404.000000	0.055619
404.250000	0.054398
404.500000	0.054856
404.750000	0.053635
405.000000	0.053788
405.250000	0.053178
405.500000	0.053330
405.750000	0.053178
406.000000	0.052262
406.250000	0.052720
406.500000	0.051499
406.750000	0.052110
407.000000	0.050736
407.250000	0.051194
407.500000	0.050431
407.750000	0.050736
408.000000	0.050126
408.250000	0.050126
408.500000	0.049821
408.750000	0.049058
409.000000	0.049210
409.250000	0.048142
409.500000	0.048295
409.750000	0.046769
410.000000	0.047684
410.250000	0.046464
410.500000	0.046464
410.750000	0.045701
411.000000	0.046006
411.250000	0.045701
411.500000	0.044633
411.750000	0.045396
412.000000	0.044175
412.250000	0.044633
412.500000	0.043412
412.750000	0.044022
413.000000	0.042954
413.250000	0.043412
413.500000	0.042802
413.750000	0.042649
414.000000	0.042649
414.250000	0.041276
414.500000	0.042039
414.750000	0.040665
415.000000	0.041123
415.250000	0.039750
415.500000	0.040360
415.750000	0.039292
416.000000	0.039597
416.250000	0.038529
416.500000	0.038376
416.750000	0.038376
417.000000	0.037461
417.250000	0.038071
417.500000	0.036851
417.750000	0.037461
418.000000	0.035935
418.250000	0.036851
418.500000	0.035172
418.750000	0.035477
419.000000	0.034714
419.250000	0.034409
419.500000	0.034104
419.750000	0.033188
420.000000	0.033494
420.250000	0.031662
420.500000	0.032578
420.750000	0.030747
421.000000	0.031662
421.250000	0.030289
421.500000	0.030594
421.750000	0.029526
422.000000	0.029526
422.250000	0.029374
422.500000	0.028305
422.750000	0.028611
423.000000	0.027390
423.250000	0.028305
423.500000	0.026780
423.750000	0.027848
424.000000	0.026322
424.250000	0.026932
424.500000	0.026169
424.750000	0.026169
425.000000	0.026017
425.250000	0.024796
425.500000	0.025254
425.750000	0.023728
426.000000	0.024796
426.250000	0.023117
426.500000	0.023880
426.750000	0.022660
427.000000	0.023423
427.250000	0.022049
427.500000	0.022049
427.750000	0.021744
428.000000	0.020981
428.250000	0.021439
428.500000	0.020066
428.750000	0.020829
429.000000	0.019303
429.250000	0.020218
429.500000	0.018387
429.750000	0.019150
430.000000	0.017777
430.250000	0.018235
430.500000	0.017777
430.750000	0.017014
431.000000	0.017319
431.250000	0.016098
431.500000	0.017166
431.750000	0.015183
432.000000	0.016403
432.250000	0.014420
432.500000	0.015335
432.750000	0.013962
433.000000	0.014267
433.250000	0.013199
433.500000	0.013199
433.750000	0.013504
434.000000	0.012436
434.250000	0.013046
434.500000	0.011673
434.750000	0.012741
435.000000	0.011215
435.250000	0.011826
435.500000	0.010605
435.750000	0.011063
436.000000	0.010300
436.250000	0.010147
436.500000	0.009995
436.750000	0.009232
437.000000	0.009995
437.250000	0.008316
437.500000	0.009384
437.750000	0.007858
438.000000	0.008469
438.250000	0.006943
438.500000	0.007706
438.750000	0.006943
439.000000	0.006790
439.250000	0.006485
439.500000	0.005875
439.750000	0.006485
440.000000	0.004959
440.250000	0.005722
440.500000	0.004196
440.750000	0.005570
441.000000	0.003891
441.250000	0.004501
441.500000	0.003586
441.750000	0.003433
442.000000	0.002976
442.250000	0.002060
442.500000	0.002823
442.750000	0.001450
443.000000	0.002670
443.250000	0.001450
443.500000	0.002670
443.750000	0.001144
444.000000	0.002365
444.250000	0.001144
444.500000	0.001755
444.750000	0.001297
445.000000	0.000534
445.250000	0.000992
445.500000	-0.000381
445.750000	0.000839
446.000000	-0.000839
446.250000	0.000534
446.500000	-0.000839
446.750000	0.000229
447.000000	-0.000992
447.250000	-0.000076
447.500000	-0.000839
447.750000	-0.000687
448.000000	-0.000076
448.250000	-0.000839
448.500000	0.000229
448.750000	-0.001450
449.000000	-0.000076
449.250000	-0.001450
449.500000	-0.000381
449.750000	-0.001755
450.000000	-0.001144
450.250000	-0.001450
450.500000	-0.001297
450.750000	-0.001144
451.000000	-0.002060
451.250000	-0.001144
451.500000	-0.002670
451.750000	-0.001602
452.000000	-0.002823
452.250000	-0.001602
452.500000	-0.002823
452.750000	-0.002213
453.000000	-0.002518
453.250000	-0.002518
453.500000	-0.002213
453.750000	-0.002976
454.000000	-0.002518
454.250000	-0.003891
454.500000	-0.002213
454.750000	-0.004044
455.000000	-0.002823
455.250000	-0.004501
455.500000	-0.003433
455.750000	-0.003891
456.000000	-0.004196
456.250000	-0.004044
456.500000	-0.004501
456.750000	-0.003738
457.000000	-0.004959
457.250000	-0.003891
457.500000	-0.005112
457.750000	-0.003738
458.000000	-0.004959
458.250000	-0.004044
458.500000	-0.004501
458.750000	-0.004654
459.000000	-0.004807
459.250000	-0.005112
459.500000	-0.004807
459.750000	-0.005722
460.000000	-0.004501
460.250000	-0.005722
460.500000	-0.004807
460.750000	-0.006180
461.000000	-0.005417
461.250000	-0.006027
461.500000	-0.005417
461.750000	-0.005875
462.000000	-0.006027
462.250000	-0.005570
462.500000	-0.005875
462.750000	-0.004654
463.000000	-0.005722
463.250000	-0.004501
463.500000	-0.005875
463.750000	-0.005264
464.000000	-0.006180
464.250000	-0.005417
464.500000	-0.005570
464.750000	-0.005875
465.000000	-0.004959
465.250000	-0.005417
465.500000	-0.004501
465.750000	-0.005875
466.000000	-0.004501
466.250000	-0.005875
466.500000	-0.004501
466.750000	-0.005264
467.000000	-0.004959
467.250000	-0.005417
467.500000	-0.005264
467.750000	-0.004654
468.000000	-0.005417
468.250000	-0.004196
468.500000	-0.005112
468.750000	-0.003891
469.000000	-0.005112
469.250000	-0.004044
469.500000	-0.004654
469.750000	-0.003586
470.000000	-0.004044
470.250000	-0.004196
470.500000	-0.003738
470.750000	-0.004501
471.000000	-0.003586
471.250000	-0.004654
471.500000	-0.003281
471.750000	-0.004044
472.000000	-0.002670
472.250000	-0.003433
472.500000	-0.002518
472.750000	-0.002670
473.000000	-0.002823
473.250000	-0.002365
473.500000	-0.002823
473.750000	-0.002213
474.000000	-0.002670
474.250000	-0.001755
474.500000	-0.002518
474.750000	-0.000992
475.000000	-0.001450
475.250000	-0.000992
475.500000	-0.000992
475.750000	-0.000534
476.000000	-0.000534
476.250000	-0.000839
476.500000	0.000076
476.750000	-0.000992
477.000000	-0.001144
477.250000	-0.006180
477.500000	-0.017472
477.750000	-0.035630
478.000000	-0.042954
478.250000	-0.045701
478.500000	-0.046921
478.750000	-0.046616
479.000000	-0.047837
479.250000	-0.046769
479.500000	-0.047837
479.750000	-0.046159
480.000000	-0.046921
480.250000	-0.045701
480.500000	-0.046464
480.750000	-0.045396
481.000000	-0.045701
481.250000	-0.045243
481.500000	-0.045243
481.750000	-0.045243
482.000000	-0.044785
482.250000	-0.044938
482.500000	-0.044022
482.750000	-0.044327
483.000000	-0.043107
483.250000	-0.043717
483.500000	-0.042649
483.750000	-0.042954
484.000000	-0.042039
484.250000	-0.041886
484.500000	-0.041733
484.750000	-0.041123
485.000000	-0.041733
485.250000	-0.040360
485.500000	-0.040970
485.750000	-0.039750
486.000000	-0.040818
486.250000	-0.039750
486.500000	-0.040055
486.750000	-0.039139
487.000000	-0.038987
487.250000	-0.038987
487.500000	-0.038529
487.750000	-0.038987
488.000000	-0.037919
488.250000	-0.038376
488.500000	-0.036851
488.750000	-0.037461
489.000000	-0.036240
489.250000	-0.036698
489.500000	-0.035935
489.750000	-0.036088
490.000000	-0.035630
490.250000	-0.035325
490.500000	-0.035325
490.750000	-0.033951
491.000000	-0.034714
491.250000	-0.033188
491.500000	-0.033951
491.750000	-0.032731
492.000000	-0.033494
492.250000	-0.032273
492.500000	-0.032731
492.750000	-0.031968
493.000000	-0.031357
493.250000	-0.031205
493.500000	-0.030442
493.750000	-0.030900
494.000000	-0.029526
494.250000	-0.030442
494.500000	-0.029068
494.750000	-0.029679
495.000000	-0.028305
495.250000	-0.028763
495.500000	-0.027695
495.750000	-0.027390
496.000000	-0.027237
496.250000	-0.026322
496.500000	-0.026932
496.750000	-0.025406
497.000000	-0.025864
497.250000	-0.024796
497.500000	-0.025711
497.750000	-0.024643
498.000000	-0.024796
498.250000	-0.024186
498.500000	-0.023728
498.750000	-0.023575
499.000000	-0.022507
499.250000	-0.022507
499.500000	-0.020981
499.750000	-0.021592
500.000000	-0.020218
500.250000	-0.021134
500.500000	-0.019608
500.750000	-0.019608
501.000000	-0.018997
501.250000	-0.018845
501.500000	-0.018540
501.750000	-0.018082
502.000000	-0.017929
502.250000	-0.017014
502.500000	-0.017166
502.750000	-0.016098
503.000000	-0.017014
503.250000	-0.015335
503.500000	-0.015335
503.750000	-0.014572
504.000000	-0.014572
504.250000	-0.014267
504.500000	-0.013352
504.750000	-0.013504
505.000000	-0.012436
505.250000	-0.012284
505.500000	-0.010910
505.750000	-0.011521
506.000000	-0.010605
506.250000	-0.010758
506.500000	-0.010147
506.750000	-0.009689
507.000000	-0.009079
507.250000	-0.008469
507.500000	-0.008774
507.750000	-0.007858
508.000000	-0.008164
508.250000	-0.007248
508.500000	-0.007706
508.750000	-0.006943
509.000000	-0.006638
509.250000	-0.005722
509.500000	-0.005570
509.750000	-0.005264
510.000000	-0.004501
510.250000	-0.004501
510.500000	-0.003433
510.750000	-0.003891
511.000000	-0.002518
511.250000	-0.003281
511.500000	-0.002060
511.750000	-0.002213
512.000000	-0.001602
512.250000	-0.001450
512.500000	-0.001297
512.750000	-0.000534
513.000000	-0.000839
513.250000	0.000381
513.500000	-0.000076
513.750000	0.001450
514.000000	0.000687
514.250000	0.002060
514.500000	0.001450
514.750000	0.002365
515.000000	0.002365
515.250000	0.003128
515.500000	0.003738
515.750000	0.003891
516.000000	0.004349
516.250000	0.003738
516.500000	0.005264
516.750000	0.004501
517.000000	0.006027
517.250000	0.005264
517.500000	0.006485
517.750000	0.006180
518.000000	0.006638
518.250000	0.007401
518.500000	0.007095
518.750000	0.008774
519.000000	0.007553
519.250000	0.009384
519.500000	0.008011
519.750000	0.009842
520.000000	0.009079
520.250000	0.010147
520.500000	0.010300
520.750000	0.010452
521.000000	0.011215
521.250000	0.010910
521.500000	0.011978
521.750000	0.011215
522.000000	0.012741
522.250000	0.011521
522.500000	0.012894
522.750000	0.012589
523.000000	0.013352
523.250000	0.013352
523.500000	0.013504
523.750000	0.014115
524.000000	0.013809
524.250000	0.015030
524.500000	0.014572
524.750000	0.016098
525.000000	0.015183
525.250000	0.016861
525.500000	0.015793
525.750000	0.016861
526.000000	0.016861
526.250000	0.016861
526.500000	0.017319
526.750000	0.017166
527.000000	0.018387
527.250000	0.017929
527.500000	0.018997
527.750000	0.018235
528.000000	0.019913
528.250000	0.019455
528.500000	0.020676
528.750000	0.020371
529.000000	0.020676
529.250000	0.020829
529.500000	0.020523
529.750000	0.021439
530.000000	0.020829
530.250000	0.022507
530.500000	0.020981
530.750000	0.022812
531.000000	0.021744
531.250000	0.023117
531.500000	0.022965
531.750000	0.023728
532.000000	0.023880
532.250000	0.023728
532.500000	0.024643
532.750000	0.023880
533.000000	0.025254
533.250000	0.023880
533.500000	0.025559
533.750000	0.024949
534.000000	0.026017
534.250000	0.025559
534.500000	0.026322
534.750000	0.025559
535.000000	0.026169
535.250000	0.026627
535.500000	0.026474
535.750000	0.027085
536.000000	0.026627
536.250000	0.027390
536.500000	0.027085
536.750000	0.027848
537.000000	0.027390
537.250000	0.027543
537.500000	0.027848
537.750000	0.027695
538.000000	0.028458
538.250000	0.028153
538.500000	0.029221
538.750000	0.028611
539.000000	0.029831
539.250000	0.029068
539.500000	0.029679
539.750000	0.029068
540.000000	0.029526
540.250000	0.029374
540.500000	0.028916
540.750000	0.029526
541.000000	0.029068
541.250000	0.030137
541.500000	0.029221
541.750000	0.030594
542.000000	0.029831
542.250000	0.030594
542.500000	0.030137
542.750000	0.030900
543.000000	0.030747
543.250000	0.030747
543.500000	0.031662
543.750000	0.031205
544.000000	0.032120
544.250000	0.031052
544.500000	0.032120
544.750000	0.030747
545.000000	0.031968
545.250000	0.031052
545.500000	0.031815
545.750000	0.031510
546.000000	0.031815
546.250000	0.031662
546.500000	0.031205
546.750000	0.031968
547.000000	0.031510
547.250000	0.032425
547.500000	0.031510
547.750000	0.032578
548.000000	0.031815
548.250000	0.032731
548.500000	0.032273
548.750000	0.032273
549.000000	0.032578
549.250000	0.031815
549.500000	0.033036
549.750000	0.031662
550.000000	0.032731
550.250000	0.031662
550.500000	0.032578
550.750000	0.031968
551.000000	0.032731
551.250000	0.032425
551.500000	0.032273
551.750000	0.032425
552.000000	0.031815
552.250000	0.032273
552.500000	0.031205
552.750000	0.032425
553.000000	0.031662
553.250000	0.032425
553.500000	0.031815
553.750000	0.032120
554.000000	0.032120
554.250000	0.031510
554.500000	0.032273
554.750000	0.031357
555.000000	0.032425
555.250000	0.031357
555.500000	0.032273
555.750000	0.031205
556.000000	0.031968
556.250000	0.031357
556.500000	0.031968
556.750000	0.032120
557.000000	0.031662
557.250000	0.031662
557.500000	0.031205
557.750000	0.031662
558.000000	0.030747
558.250000	0.031815
558.500000	0.030442
558.750000	0.031357
559.000000	0.030137
559.250000	0.030900
559.500000	0.030442
559.750000	0.030747
560.000000	0.030594
560.250000	0.029831
560.500000	0.030594
560.750000	0.029679
561.000000	0.030594
561.250000	0.029374
561.500000	0.030137
561.750000	0.029526
562.000000	0.030137
562.250000	0.029221
562.500000	0.029221
562.750000	0.029221
563.000000	0.028305
563.250000	0.028916
563.500000	0.028000
563.750000	0.028916
564.000000	0.027543
564.250000	0.028305
564.500000	0.027390
564.750000	0.027848
565.000000	0.027543
565.250000	0.027390
565.500000	0.027237
565.750000	0.026932
566.000000	0.026932
566.250000	0.026169
566.500000	0.026780
566.750000	0.025559
567.000000	0.026169
567.250000	0.025101
567.500000	0.025559
567.750000	0.024643
568.000000	0.025101
568.250000	0.024949
568.500000	0.024643
568.750000	0.025101
569.000000	0.024338
569.250000	0.024796
569.500000	0.023880
569.750000	0.024643
570.000000	0.023575
570.250000	0.023880
570.500000	0.023117
570.750000	0.023728
571.000000	0.023270
571.250000	0.022812
571.500000	0.023117
571.750000	0.021744
572.000000	0.022660
572.250000	0.021134
572.500000	0.021744
572.750000	0.020829
573.000000	0.021439
573.250000	0.020523
573.500000	0.020676
573.750000	0.019913
574.000000	0.019760
574.250000	0.019913
574.500000	0.019150
574.750000	0.019608
575.000000	0.018235
575.250000	0.018997
575.500000	0.017929
575.750000	0.018692
576.000000	0.017777
576.250000	0.017624
576.500000	0.017472
576.750000	0.016861
577.000000	0.017014
577.250000	0.016403
577.500000	0.016861
577.750000	0.015183
578.000000	0.016251
578.250000	0.014572
578.500000	0.015335
578.750000	0.014115
579.000000	0.014572
579.250000	0.013962
579.500000	0.013962
579.750000	0.013809
580.000000	0.013046
580.250000	0.013352
580.500000	0.012284
580.750000	0.012894
581.000000	0.011978
581.250000	0.012284
581.500000	0.011521
581.750000	0.011521
582.000000	0.011063
582.250000	0.010758
582.500000	0.010147
582.750000	0.009842
583.000000	0.009537
583.250000	0.008927
583.500000	0.009232
583.750000	0.008469
584.000000	0.008927
584.250000	0.007858
584.500000	0.008011
584.750000	0.007401
585.000000	0.007248
585.250000	0.007095
585.500000	0.006790
585.750000	0.006943
586.000000	0.006180
586.250000	0.006332
586.500000	0.005264
586.750000	0.005875
587.000000	0.004959
587.250000	0.004959
587.500000	0.004501
587.750000	0.004501
588.000000	0.004654
588.250000	0.004501
588.500000	0.004501
588.750000	0.003738
589.000000	0.003433
589.250000	0.002670
589.500000	0.002823
589.750000	0.001907
590.000000	0.001602
590.250000	0.000839
590.500000	0.001297
590.750000	0.000687
591.000000	0.000076
591.250000	0.000229
591.500000	-0.000381
591.750000	-0.000381
592.000000	-0.000992
592.250000	-0.000687
592.500000	-0.001755
592.750000	-0.001450
593.000000	-0.001907
593.250000	-0.001602
593.500000	-0.002365
593.750000	-0.002213
594.000000	-0.002518
594.250000	-0.002976
594.500000	-0.003281
594.750000	-0.003891
595.000000	-0.003738
595.250000	-0.004349
595.500000	-0.004044
595.750000	-0.004501
596.000000	-0.004807
596.250000	-0.005112
596.500000	-0.005264
596.750000	-0.005722
597.000000	-0.006180
597.250000	-0.006485
597.500000	-0.006790
597.750000	-0.006638
598.000000	-0.006943
598.250000	-0.006943
598.500000	-0.007858
598.750000	-0.007401
599.000000	-0.008164
599.250000	-0.007858
599.500000	-0.008316
599.750000	-0.008316
600.000000	-0.008927
600.250000	-0.009232
600.500000	-0.009232
600.750000	-0.009995
601.000000	-0.009842
601.250000	-0.010147
601.500000	-0.009995
601.750000	-0.010758
602.000000	-0.010147
602.250000	-0.011215
602.500000	-0.010758
602.750000	-0.011826
603.000000	-0.011826
603.250000	-0.011978
603.500000	-0.011978
603.750000	-0.012131
604.000000	-0.012741
604.250000	-0.012131
604.500000	-0.013199
604.750000	-0.012436
605.000000	-0.013657
605.250000	-0.013046
605.500000	-0.014420
605.750000	-0.013809
606.000000	-0.014267
606.250000	-0.014115
606.500000	-0.014725
606.750000	-0.014878
607.000000	-0.015030
607.250000	-0.015640
607.500000	-0.015335
607.750000	-0.016403
608.000000	-0.015946
608.250000	-0.016709
608.500000	-0.016403
608.750000	-0.017319
609.000000	-0.016861
609.250000	-0.017166
609.500000	-0.017319
609.750000	-0.017624
610.000000	-0.017777
610.250000	-0.017472
610.500000	-0.018387
610.750000	-0.017624
611.000000	-0.018997
611.250000	-0.018540
611.500000	-0.019455
611.750000	-0.018540
612.000000	-0.019150
612.250000	-0.018997
612.500000	-0.019608
612.750000	-0.019608
613.000000	-0.019455
613.250000	-0.020371
613.500000	-0.019760
613.750000	-0.021134
614.000000	-0.020066
614.250000	-0.020829
614.500000	-0.020066
614.750000	-0.020981
615.000000	-0.020218
615.250000	-0.021286
615.500000	-0.021286
615.750000	-0.021286
616.000000	-0.021744
616.250000	-0.021286
616.500000	-0.022354
616.750000	-0.021439
617.000000	-0.022812
617.250000	-0.022049
617.500000	-0.023117
617.750000	-0.022660
618.000000	-0.023423
618.250000	-0.023575
618.500000	-0.023575
618.750000	-0.023880
619.000000	-0.023575
619.250000	-0.024491
619.500000	-0.023270
619.750000	-0.024643
620.000000	-0.023270
620.250000	-0.024338
620.500000	-0.023728
620.750000	-0.024491
621.000000	-0.024643
621.250000	-0.024643
621.500000	-0.025406
621.750000	-0.025101
622.000000	-0.026017
622.250000	-0.024643
622.500000	-0.026169
622.750000	-0.024796
623.000000	-0.026017
623.250000	-0.025559
623.500000	-0.026322
623.750000	-0.026169
624.000000	-0.025864
624.250000	-0.026627
624.500000	-0.026017
624.750000	-0.027390
625.000000	-0.026474
625.250000	-0.027543
625.500000	-0.026474
625.750000	-0.027695
626.000000	-0.027237
626.250000	-0.027695
626.500000	-0.027237
626.750000	-0.027237
627.000000	-0.027695
627.250000	-0.027237
627.500000	-0.028153
627.750000	-0.027695
628.000000	-0.029068
628.250000	-0.027848
628.500000	-0.029068
628.750000	-0.028611
629.000000	-0.029068
629.250000	-0.028916
629.500000	-0.028916
629.750000	-0.028916
630.000000	-0.028305
630.250000	-0.028763
630.500000	-0.028305
630.750000	-0.029526
631.000000	-0.028763
631.250000	-0.029374
631.500000	-0.028916
631.750000	-0.029221
632.000000	-0.029068
632.250000	-0.028916
632.500000	-0.029221
632.750000	-0.028611
633.000000	-0.029526
633.250000	-0.028611
633.500000	-0.029526
633.750000	-0.027848
634.000000	-0.029374
634.250000	-0.028305
634.500000	-0.028763
634.750000	-0.028763
635.000000	-0.028305
635.250000	-0.028916
635.500000	-0.027695
635.750000	-0.028916
636.000000	-0.027543
636.250000	-0.028916
636.500000	-0.027390
636.750000	-0.028611
637.000000	-0.027390
637.250000	-0.027543
637.500000	-0.027543
637.750000	-0.027237
638.000000	-0.027848
638.250000	-0.026780
638.500000	-0.027848
638.750000	-0.026780
639.000000	-0.028153
639.250000	-0.027085
639.500000	-0.028153
639.750000	-0.027085
640.000000	-0.027390
640.250000	-0.027085
640.500000	-0.026780
640.750000	-0.026932
641.000000	-0.026017
641.250000	-0.026932
641.500000	-0.025406
641.750000	-0.026780
642.000000	-0.025101
642.250000	-0.026474
642.500000	-0.025254
642.750000	-0.025711
643.000000	-0.025254
643.250000	-0.024949
643.500000	-0.025254
643.750000	-0.024491
644.000000	-0.025559
644.250000	-0.023880
644.500000	-0.025254
644.750000	-0.023575
645.000000	-0.024491
645.250000	-0.023575
645.500000	-0.024338
645.750000	-0.023575
646.000000	-0.023575
646.250000	-0.023728
646.500000	-0.022049
646.750000	-0.023270
647.000000	-0.021744
647.250000	-0.023270
647.500000	-0.021744
647.750000	-0.023117
648.000000	-0.021592
648.250000	-0.022660
648.500000	-0.021286
648.750000	-0.021439
649.000000	-0.021286
649.250000	-0.020829
649.500000	-0.021592
649.750000	-0.020371
650.000000	-0.021744
650.250000	-0.020218
650.500000	-0.021286
650.750000	-0.019608
651.000000	-0.020676
651.250000	-0.019913
