Cavendish Experiment - Version 1.0
(c) Seth Price, 2017
4/16/2018	9:49:31 AM

Time (s)	Voltage (V)

0.000000	-0.112383
2.000000	-0.113756
4.000000	-0.113909
6.000000	-0.113756
8.000000	-0.113909
10.000000	-0.113909
12.000000	-0.113909
14.000000	-0.113756
16.000000	-0.113603
18.000000	-0.113756
20.000000	-0.113909
22.000000	-0.114519
24.000000	-0.113298
26.000000	-0.112383
28.000000	-0.112383
30.000000	-0.113146
32.000000	-0.108415
34.000000	-0.105974
36.000000	-0.120165
38.000000	-0.113146
40.000000	-0.113756
42.000000	-0.113298
44.000000	-0.114519
46.000000	-0.113603
48.000000	-1.097047
50.000000	-0.882506
52.000000	-0.803311
54.000000	-0.750210
56.000000	-0.714046
58.000000	-0.684291
60.000000	-0.654841
62.000000	-0.633326
64.000000	-0.611048
66.000000	-0.589380
68.000000	-0.572900
70.000000	-0.553216
72.000000	-0.534142
74.000000	-0.519188
76.000000	-0.500725
78.000000	-0.484703
80.000000	-0.470970
82.000000	-0.453422
84.000000	-0.439231
86.000000	-0.425803
88.000000	-0.408713
90.000000	-0.396506
92.000000	-0.383688
94.000000	-0.369039
96.000000	-0.359426
98.000000	-0.348135
100.000000	-0.335470
102.000000	-0.327535
104.000000	-0.317159
106.000000	-0.307393
108.000000	-0.300679
110.000000	-0.291981
112.000000	-0.285115
114.000000	-0.280079
116.000000	-0.272908
118.000000	-0.267872
120.000000	-0.265278
122.000000	-0.259785
124.000000	-0.257954
126.000000	-0.255665
128.000000	-0.252461
130.000000	-0.252613
132.000000	-0.251240
134.000000	-0.250172
136.000000	-0.251850
138.000000	-0.252003
140.000000	-0.252003
142.000000	-0.253529
144.000000	-0.253834
146.000000	-0.255818
148.000000	-0.258564
150.000000	-0.259174
152.000000	-0.261921
154.000000	-0.264515
156.000000	-0.265888
158.000000	-0.269551
160.000000	-0.271992
162.000000	-0.272908
164.000000	-0.275807
166.000000	-0.277790
168.000000	-0.278401
170.000000	-0.281453
172.000000	-0.281605
174.000000	-0.281910
176.000000	-0.284962
178.000000	-0.284504
180.000000	-0.284352
182.000000	-0.284504
184.000000	-0.282368
186.000000	-0.282063
188.000000	-0.281605
190.000000	-0.279011
192.000000	-0.277180
194.000000	-0.273976
196.000000	-0.269856
198.000000	-0.266651
200.000000	-0.262226
202.000000	-0.257191
204.000000	-0.252918
206.000000	-0.246509
208.000000	-0.239948
210.000000	-0.234455
212.000000	-0.226520
214.000000	-0.218738
216.000000	-0.211719
218.000000	-0.201648
220.000000	-0.193713
222.000000	-0.184710
224.000000	-0.173877
226.000000	-0.164874
228.000000	-0.154650
230.000000	-0.143511
232.000000	-0.133135
234.000000	-0.121538
236.000000	-0.111772
238.000000	-0.102617
240.000000	-0.090105
242.000000	-0.078813
244.000000	-0.067979
246.000000	-0.056229
248.000000	-0.046006
250.000000	-0.036088
252.000000	-0.024796
254.000000	-0.013962
256.000000	-0.003586
258.000000	0.006638
260.000000	0.013046
262.000000	0.023270
264.000000	0.031968
266.000000	0.038834
268.000000	0.046616
270.000000	0.055467
272.000000	0.061723
274.000000	0.069963
276.000000	0.075151
278.000000	0.081254
280.000000	0.091020
282.000000	0.094835
284.000000	0.100023
286.000000	0.103990
288.000000	0.105974
290.000000	0.108873
292.000000	0.111772
294.000000	0.110399
296.000000	0.113756
298.000000	0.112688
300.000000	0.109483
302.000000	0.111162
304.000000	0.109941
306.000000	0.109331
308.000000	0.112840
310.000000	0.111009
312.000000	0.108263
314.000000	0.107652
316.000000	0.103990
318.000000	0.101549
320.000000	0.101091
322.000000	0.096056
324.000000	0.089799
326.000000	0.081712
328.000000	0.078508
330.000000	0.074083
332.000000	0.070420
334.000000	0.064012
336.000000	0.058213
338.000000	0.052262
340.000000	0.048142
342.000000	0.044633
344.000000	0.040818
346.000000	0.037308
348.000000	0.035325
