Cavendish Experiment - Version 1.0
(c) Seth Price, 2017
4/16/2018	10:13:51 AM

Time (s)	Voltage (V)

0.000000	0.037156
0.250000	0.035477
0.500000	0.034409
0.750000	0.035630
1.000000	0.034867
1.250000	0.036088
1.500000	0.035172
1.750000	0.036240
2.000000	0.035782
2.250000	0.036545
2.500000	0.036698
2.750000	0.037156
3.000000	0.037308
3.250000	0.036851
3.500000	0.037613
3.750000	0.037461
4.000000	0.038529
4.250000	0.038071
4.500000	0.038834
4.750000	0.038376
5.000000	0.038987
5.250000	0.038682
5.500000	0.038987
5.750000	0.039139
6.000000	0.038987
6.250000	0.039902
6.500000	0.039139
6.750000	0.040360
7.000000	0.039597
7.250000	0.040818
7.500000	0.040513
7.750000	0.040818
8.000000	0.040818
8.250000	0.041123
8.500000	0.041886
8.750000	0.041276
9.000000	0.042191
9.250000	0.041581
9.500000	0.042039
9.750000	0.041581
10.000000	0.042649
10.250000	0.042039
10.500000	0.042649
10.750000	0.042496
11.000000	0.042344
11.250000	0.042649
11.500000	0.042191
11.750000	0.043107
12.000000	0.042344
12.250000	0.043565
12.500000	0.042954
12.750000	0.043565
13.000000	0.043412
13.250000	0.044022
13.500000	0.044022
13.750000	0.043870
14.000000	0.044633
14.250000	0.044022
14.500000	0.045090
14.750000	0.044022
15.000000	0.045243
15.250000	0.043565
15.500000	0.045090
15.750000	0.044785
16.000000	0.045243
16.250000	0.045090
16.500000	0.044938
16.750000	0.044938
17.000000	0.044785
17.250000	0.045548
17.500000	0.044785
17.750000	0.045853
18.000000	0.045090
18.250000	0.045701
18.500000	0.044938
18.750000	0.045853
19.000000	0.045243
19.250000	0.045701
19.500000	0.045548
19.750000	0.045701
20.000000	0.046159
20.250000	0.045548
20.500000	0.046311
20.750000	0.045853
21.000000	0.046006
21.250000	0.046006
21.500000	0.046311
21.750000	0.045853
22.000000	0.046006
22.250000	0.046159
22.500000	0.046464
22.750000	0.046616
23.000000	0.046159
23.250000	0.046464
23.500000	0.046006
23.750000	0.046616
24.000000	0.046006
24.250000	0.046159
24.500000	0.046616
24.750000	0.046769
25.000000	0.047074
25.250000	0.046464
25.500000	0.047379
25.750000	0.046769
26.000000	0.047379
26.250000	0.046769
26.500000	0.047227
26.750000	0.047074
27.000000	0.047532
27.250000	0.047379
27.500000	0.047227
27.750000	0.047532
28.000000	0.047074
28.250000	0.047990
28.500000	0.046921
28.750000	0.047684
29.000000	0.046921
29.250000	0.048295
29.500000	0.047532
29.750000	0.048142
30.000000	0.047532
30.250000	0.048295
30.500000	0.048447
30.750000	0.048142
31.000000	0.048753
31.250000	0.047684
31.500000	0.048600
31.750000	0.047379
32.000000	0.048600
32.250000	0.047684
32.500000	0.048447
32.750000	0.047990
33.000000	0.048447
33.250000	0.048142
33.500000	0.048447
33.750000	0.048295
34.000000	0.047684
34.250000	0.048295
34.500000	0.047684
34.750000	0.048295
35.000000	0.047532
35.250000	0.048142
35.500000	0.047990
35.750000	0.048600
36.000000	0.048295
36.250000	0.048142
36.500000	0.048295
36.750000	0.047990
37.000000	0.048753
37.250000	0.048142
37.500000	0.048142
37.750000	0.047379
38.000000	0.047990
38.250000	0.047379
38.500000	0.047379
38.750000	0.047074
39.000000	0.047379
39.250000	0.047227
39.500000	0.046616
39.750000	0.047532
40.000000	0.046769
40.250000	0.047532
40.500000	0.046769
40.750000	0.047379
41.000000	0.046616
41.250000	0.046921
41.500000	0.046464
41.750000	0.046159
42.000000	0.046311
42.250000	0.045853
42.500000	0.046769
42.750000	0.046006
43.000000	0.046616
43.250000	0.045701
43.500000	0.046159
43.750000	0.045396
44.000000	0.046006
44.250000	0.045548
44.500000	0.045548
44.750000	0.046006
45.000000	0.045548
45.250000	0.045853
45.500000	0.044938
45.750000	0.045396
46.000000	0.045396
46.250000	0.046006
46.500000	0.045243
46.750000	0.045396
47.000000	0.045090
47.250000	0.045243
47.500000	0.045243
47.750000	0.044785
48.000000	0.044785
48.250000	0.044480
48.500000	0.044480
48.750000	0.043870
49.000000	0.044175
49.250000	0.044022
49.500000	0.043870
49.750000	0.043412
50.000000	0.043565
50.250000	0.043870
50.500000	0.043107
50.750000	0.043259
51.000000	0.042496
51.250000	0.042954
51.500000	0.042191
51.750000	0.042649
52.000000	0.042344
52.250000	0.042344
52.500000	0.042191
52.750000	0.041886
53.000000	0.042191
53.250000	0.041581
53.500000	0.041886
53.750000	0.041733
54.000000	0.041123
54.250000	0.040818
54.500000	0.040818
54.750000	0.040818
55.000000	0.040208
55.250000	0.040055
55.500000	0.039750
55.750000	0.039902
56.000000	0.039445
56.250000	0.039902
56.500000	0.039445
56.750000	0.039597
57.000000	0.039139
57.250000	0.039445
57.500000	0.038987
57.750000	0.039445
58.000000	0.038987
58.250000	0.038987
58.500000	0.038529
58.750000	0.038224
59.000000	0.037919
59.250000	0.037461
59.500000	0.037613
59.750000	0.037308
60.000000	0.037308
60.250000	0.037308
60.500000	0.037766
60.750000	0.037156
61.000000	0.037461
61.250000	0.037003
61.500000	0.036545
61.750000	0.036851
62.000000	0.036545
62.250000	0.036545
62.500000	0.036088
62.750000	0.036088
63.000000	0.035782
63.250000	0.035477
63.500000	0.034867
63.750000	0.034867
64.000000	0.034714
64.250000	0.034257
64.500000	0.034562
64.750000	0.034409
65.000000	0.034562
65.250000	0.034257
65.500000	0.033951
65.750000	0.033799
66.000000	0.033951
66.250000	0.034104
66.500000	0.033951
66.750000	0.034257
67.000000	0.034104
67.250000	0.034104
67.500000	0.033646
67.750000	0.033646
68.000000	0.033341
68.250000	0.033646
68.500000	0.033036
68.750000	0.033494
69.000000	0.033036
69.250000	0.032883
69.500000	0.032425
69.750000	0.032273
70.000000	0.032120
70.250000	0.031968
70.500000	0.031968
70.750000	0.031662
71.000000	0.031510
71.250000	0.030900
71.500000	0.030747
71.750000	0.030289
72.000000	0.030289
72.250000	0.029984
72.500000	0.029984
72.750000	0.029526
73.000000	0.029526
73.250000	0.029068
73.500000	0.028458
73.750000	0.028611
74.000000	0.028458
74.250000	0.028458
74.500000	0.028000
74.750000	0.028153
75.000000	0.027695
75.250000	0.027543
75.500000	0.027237
75.750000	0.027390
76.000000	0.026932
76.250000	0.026932
76.500000	0.026932
76.750000	0.026627
77.000000	0.026474
77.250000	0.026017
77.500000	0.025711
77.750000	0.025406
78.000000	0.026017
78.250000	0.025101
78.500000	0.025406
78.750000	0.024796
79.000000	0.024796
79.250000	0.024491
79.500000	0.024643
79.750000	0.024338
80.000000	0.024033
80.250000	0.023880
80.500000	0.023423
80.750000	0.023575
81.000000	0.023117
81.250000	0.023270
81.500000	0.022049
81.750000	0.021897
82.000000	0.021744
82.250000	0.021744
82.500000	0.021592
82.750000	0.021286
83.000000	0.021134
83.250000	0.020829
83.500000	0.020981
83.750000	0.020523
84.000000	0.020829
84.250000	0.020676
84.500000	0.020523
84.750000	0.020218
85.000000	0.019913
85.250000	0.019760
85.500000	0.019455
85.750000	0.019455
86.000000	0.018997
86.250000	0.018997
86.500000	0.018997
86.750000	0.018997
87.000000	0.018997
87.250000	0.019150
87.500000	0.019150
87.750000	0.018997
88.000000	0.018997
88.250000	0.018540
88.500000	0.018692
88.750000	0.018387
89.000000	0.018540
89.250000	0.018235
89.500000	0.017929
89.750000	0.018235
90.000000	0.018235
90.250000	0.017929
90.500000	0.017777
90.750000	0.017777
91.000000	0.017777
91.250000	0.017929
91.500000	0.017624
91.750000	0.017319
92.000000	0.017472
92.250000	0.017319
92.500000	0.017624
92.750000	0.017777
93.000000	0.017624
93.250000	0.017319
93.500000	0.017319
93.750000	0.017014
94.000000	0.017472
94.250000	0.017319
94.500000	0.017014
94.750000	0.017014
95.000000	0.017014
95.250000	0.017014
95.500000	0.016556
95.750000	0.016861
96.000000	0.016403
96.250000	0.016251
96.500000	0.016556
96.750000	0.016556
97.000000	0.016556
97.250000	0.016403
97.500000	0.016403
97.750000	0.016556
98.000000	0.016403
98.250000	0.016403
98.500000	0.016098
98.750000	0.015640
99.000000	0.015793
99.250000	0.015640
99.500000	0.015488
99.750000	0.015488
100.000000	0.015183
100.250000	0.015183
100.500000	0.014878
100.750000	0.014572
101.000000	0.014420
101.250000	0.014572
101.500000	0.014420
101.750000	0.014420
102.000000	0.014572
102.250000	0.014267
102.500000	0.013962
102.750000	0.013809
103.000000	0.013657
103.250000	0.013962
103.500000	0.014267
103.750000	0.013809
104.000000	0.013504
104.250000	0.013657
104.500000	0.013352
104.750000	0.013199
105.000000	0.012894
105.250000	0.013199
105.500000	0.013046
105.750000	0.012894
106.000000	0.012741
106.250000	0.012436
106.500000	0.012284
106.750000	0.011978
107.000000	0.012284
107.250000	0.012131
107.500000	0.012284
107.750000	0.012436
108.000000	0.012589
108.250000	0.012589
108.500000	0.012589
108.750000	0.012741
109.000000	0.012284
109.250000	0.012589
109.500000	0.012589
109.750000	0.012436
110.000000	0.012436
110.250000	0.012284
110.500000	0.011978
110.750000	0.011978
111.000000	0.011368
111.250000	0.011673
111.500000	0.011521
111.750000	0.011521
112.000000	0.011826
112.250000	0.011368
112.500000	0.011521
112.750000	0.011063
113.000000	0.011215
113.250000	0.011368
113.500000	0.011063
113.750000	0.011368
114.000000	0.011063
114.250000	0.011826
114.500000	0.011521
114.750000	0.011826
115.000000	0.011673
115.250000	0.011826
115.500000	0.012131
115.750000	0.011826
116.000000	0.011978
116.250000	0.011521
116.500000	0.011673
116.750000	0.011673
117.000000	0.011978
117.250000	0.011673
117.500000	0.011826
117.750000	0.011368
118.000000	0.011673
118.250000	0.011673
118.500000	0.011978
118.750000	0.012131
119.000000	0.012131
119.250000	0.012284
119.500000	0.011673
119.750000	0.012741
120.000000	0.012284
120.250000	0.012894
120.500000	0.012284
120.750000	0.012741
121.000000	0.013046
121.250000	0.013199
121.500000	0.013809
121.750000	0.013352
122.000000	0.014420
122.250000	0.014115
122.500000	0.014267
122.750000	0.014420
123.000000	0.014725
123.250000	0.014878
123.500000	0.014878
123.750000	0.015183
124.000000	0.014725
124.250000	0.014725
124.500000	0.014725
124.750000	0.015183
125.000000	0.015335
125.250000	0.015793
125.500000	0.015793
125.750000	0.016098
126.000000	0.016251
126.250000	0.016403
126.500000	0.016556
126.750000	0.016098
127.000000	0.016556
127.250000	0.016556
127.500000	0.016556
127.750000	0.016709
128.000000	0.017014
128.250000	0.017319
128.500000	0.017624
128.750000	0.017777
129.000000	0.017472
129.250000	0.017624
129.500000	0.017929
129.750000	0.018235
130.000000	0.017929
130.250000	0.018387
130.500000	0.018235
130.750000	0.018692
131.000000	0.018387
131.250000	0.018540
131.500000	0.018692
131.750000	0.018540
132.000000	0.018692
132.250000	0.018692
132.500000	0.019150
132.750000	0.018540
133.000000	0.018997
133.250000	0.018692
133.500000	0.019913
133.750000	0.018997
134.000000	0.019608
134.250000	0.019455
134.500000	0.015793
134.750000	0.004959
135.000000	-0.015488
135.250000	-0.026932
135.500000	-0.033494
135.750000	-0.034257
136.000000	-0.035477
136.250000	-0.030747
136.500000	-0.031815
136.750000	-0.030900
137.000000	-0.031815
137.250000	-0.031357
137.500000	-0.032120
137.750000	-0.031968
138.000000	-0.031205
138.250000	-0.031968
138.500000	-0.030442
138.750000	-0.031815
139.000000	-0.030289
139.250000	-0.032120
139.500000	-0.030900
139.750000	-0.031968
140.000000	-0.031052
140.250000	-0.031357
140.500000	-0.031510
140.750000	-0.030900
141.000000	-0.031815
141.250000	-0.030594
141.500000	-0.032120
141.750000	-0.030137
142.000000	-0.031968
142.250000	-0.029984
142.500000	-0.031510
142.750000	-0.030289
143.000000	-0.031662
143.250000	-0.028611
143.500000	-0.020676
143.750000	-0.017472
144.000000	-0.015030
144.250000	-0.011368
144.500000	-0.007706
144.750000	-0.009842
145.000000	-0.008316
145.250000	-0.010300
145.500000	-0.009079
145.750000	-0.010452
146.000000	-0.009689
146.250000	-0.009995
146.500000	-0.009995
146.750000	-0.009689
147.000000	-0.010605
147.250000	-0.009079
147.500000	-0.010452
147.750000	-0.008927
148.000000	-0.010147
148.250000	-0.008927
148.500000	-0.009842
148.750000	-0.008927
149.000000	-0.008927
149.250000	-0.009537
149.500000	-0.008774
149.750000	-0.009232
150.000000	-0.008011
150.250000	-0.009232
150.500000	-0.007553
150.750000	-0.008927
151.000000	-0.007401
151.250000	-0.008164
151.500000	-0.007401
151.750000	-0.007553
152.000000	-0.007553
152.250000	-0.006638
152.500000	-0.007706
152.750000	-0.006027
153.000000	-0.007706
153.250000	-0.005112
153.500000	-0.006638
153.750000	-0.004959
154.000000	-0.006180
154.250000	-0.004807
154.500000	-0.005264
154.750000	-0.004501
155.000000	-0.003586
155.250000	-0.004501
155.500000	-0.002976
155.750000	-0.004501
156.000000	-0.002365
156.250000	-0.004501
156.500000	-0.002060
156.750000	-0.003738
157.000000	-0.001755
157.250000	-0.002365
157.500000	-0.001602
157.750000	-0.000992
158.000000	-0.001907
158.250000	-0.000076
158.500000	-0.001755
158.750000	0.000381
159.000000	-0.001602
159.250000	0.000534
159.500000	-0.001602
159.750000	0.000229
160.000000	-0.000381
160.250000	-0.000076
160.500000	0.000229
160.750000	-0.000229
161.000000	0.001450
161.250000	-0.000381
161.500000	0.002060
161.750000	-0.000381
162.000000	0.002213
162.250000	0.000076
162.500000	0.002060
162.750000	0.000839
163.000000	0.002060
163.250000	0.001907
163.500000	0.001450
163.750000	0.002518
164.000000	0.001450
164.250000	0.003738
164.500000	0.001297
164.750000	0.004044
165.000000	0.001755
165.250000	0.004044
165.500000	0.002365
165.750000	0.003891
166.000000	0.003586
166.250000	0.003586
166.500000	0.004349
166.750000	0.002823
167.000000	0.005112
167.250000	0.002823
167.500000	0.005417
167.750000	0.002823
168.000000	0.005264
168.250000	0.003586
168.500000	0.004959
168.750000	0.004501
169.000000	0.004501
169.250000	0.005722
169.500000	0.004196
169.750000	0.005875
170.000000	0.003738
170.250000	0.006180
170.500000	0.003891
170.750000	0.006485
171.000000	0.004349
171.250000	0.006180
171.500000	0.005570
171.750000	0.005875
172.000000	0.006638
172.250000	0.005570
172.500000	0.007401
172.750000	0.005264
173.000000	0.008011
173.250000	0.005570
173.500000	0.007553
173.750000	0.005264
174.000000	0.006943
174.250000	0.006027
174.500000	0.006485
174.750000	0.007095
175.000000	0.005722
175.250000	0.007858
175.500000	0.006180
175.750000	0.008469
176.000000	0.005875
176.250000	0.008316
176.500000	0.006332
176.750000	0.008164
177.000000	0.007401
177.250000	0.007706
177.500000	0.008316
177.750000	0.007248
178.000000	0.008927
178.250000	0.007248
178.500000	0.009537
178.750000	0.007858
179.000000	0.010300
179.250000	0.007858
179.500000	0.009842
179.750000	0.008927
180.000000	0.009995
180.250000	0.009995
180.500000	0.009842
180.750000	0.010910
181.000000	0.009842
181.250000	0.011826
181.500000	0.009842
181.750000	0.012436
182.000000	0.010300
182.250000	0.012589
182.500000	0.011063
182.750000	0.012284
183.000000	0.012131
183.250000	0.011978
183.500000	0.013046
183.750000	0.011673
184.000000	0.014115
184.250000	0.011978
184.500000	0.014420
184.750000	0.012284
185.000000	0.014572
185.250000	0.012741
185.500000	0.013809
185.750000	0.013199
186.000000	0.013352
186.250000	0.014115
186.500000	0.012894
186.750000	0.014420
187.000000	0.012131
187.250000	0.014420
187.500000	0.012284
187.750000	0.014572
188.000000	0.012894
188.250000	0.014420
188.500000	0.013809
188.750000	0.014115
189.000000	0.013962
189.250000	0.013046
189.500000	0.014725
189.750000	0.012589
190.000000	0.014725
190.250000	0.012284
190.500000	0.014420
190.750000	0.012131
191.000000	0.013809
191.250000	0.013046
191.500000	0.013199
191.750000	0.013962
192.000000	0.013199
192.250000	0.014878
192.500000	0.012741
192.750000	0.015183
193.000000	0.012741
193.250000	0.015030
193.500000	0.013199
193.750000	0.014878
194.000000	0.013962
194.250000	0.014267
194.500000	0.014725
194.750000	0.013657
195.000000	0.015335
195.250000	0.013504
195.500000	0.015793
195.750000	0.013199
196.000000	0.015488
196.250000	0.013352
196.500000	0.015640
196.750000	0.013657
197.000000	0.014420
197.250000	0.014878
197.500000	0.013962
197.750000	0.014878
198.000000	0.012894
198.250000	0.015183
198.500000	0.012741
198.750000	0.015183
199.000000	0.013046
199.250000	0.015030
199.500000	0.013504
199.750000	0.014267
200.000000	0.013809
200.250000	0.013199
200.500000	0.014725
200.750000	0.012894
201.000000	0.015183
201.250000	0.012894
201.500000	0.014878
201.750000	0.012741
202.000000	0.015030
202.250000	0.013352
202.500000	0.013809
202.750000	0.012589
203.000000	0.012741
203.250000	0.014267
203.500000	0.013199
203.750000	0.015335
204.000000	0.013046
204.250000	0.015488
204.500000	0.013352
204.750000	0.015183
205.000000	0.013657
205.250000	0.014725
205.500000	0.014420
205.750000	0.013809
206.000000	0.015030
206.250000	0.013199
206.500000	0.015183
206.750000	0.012741
207.000000	0.016098
207.250000	0.013352
207.500000	0.015335
207.750000	0.013809
208.000000	0.014878
208.250000	0.013962
208.500000	0.013962
208.750000	0.014725
209.000000	0.013657
209.250000	0.015488
209.500000	0.013504
209.750000	0.015183
210.000000	0.013352
210.250000	0.015640
210.500000	0.014267
210.750000	0.015335
211.000000	0.014572
211.250000	0.015030
211.500000	0.015030
211.750000	0.014267
212.000000	0.015488
212.250000	0.013809
212.500000	0.015640
212.750000	0.013809
213.000000	0.015335
213.250000	0.013504
213.500000	0.014725
213.750000	0.013962
214.000000	0.013657
214.250000	0.014267
214.500000	0.013504
214.750000	0.014572
215.000000	0.012741
215.250000	0.014420
215.500000	0.012436
215.750000	0.014115
216.000000	0.012131
216.250000	0.013657
216.500000	0.012741
216.750000	0.013046
217.000000	0.012894
217.250000	0.011978
217.500000	0.013046
217.750000	0.011521
218.000000	0.013046
218.250000	0.010910
218.500000	0.012894
218.750000	0.011063
219.000000	0.012894
219.250000	0.011368
219.500000	0.012131
219.750000	0.011826
220.000000	0.011368
220.250000	0.011826
220.500000	0.010300
220.750000	0.011978
221.000000	0.010147
221.250000	0.011826
221.500000	0.009995
221.750000	0.011368
222.000000	0.009995
222.250000	0.010300
222.500000	0.009995
222.750000	0.009384
223.000000	0.009842
223.250000	0.006943
223.500000	0.009079
223.750000	0.006485
224.000000	0.008774
224.250000	0.006332
224.500000	0.007858
224.750000	0.006332
225.000000	0.007095
225.250000	0.007248
225.500000	0.005875
225.750000	0.007401
226.000000	0.005264
226.250000	0.007553
226.500000	0.004959
226.750000	0.007858
227.000000	0.004807
227.250000	0.006943
227.500000	0.005264
227.750000	0.006180
228.000000	0.005875
228.250000	0.004959
228.500000	0.006027
228.750000	0.004044
229.000000	0.006180
229.250000	0.003433
229.500000	0.006180
229.750000	0.003586
230.000000	0.005570
230.250000	0.002365
230.500000	0.003433
230.750000	0.003586
231.000000	0.003586
231.250000	0.003586
231.500000	0.002365
231.750000	0.004501
232.000000	0.001755
232.250000	0.004654
232.500000	0.001907
232.750000	0.003891
233.000000	0.002060
233.250000	0.003128
233.500000	0.002670
233.750000	0.002060
234.000000	0.002365
234.250000	0.001144
234.500000	0.003586
234.750000	0.001144
235.000000	0.003586
235.250000	0.000687
235.500000	0.002823
235.750000	0.001297
236.000000	0.002060
236.250000	0.001602
236.500000	0.001144
236.750000	0.001907
237.000000	0.000534
237.250000	0.001907
237.500000	-0.000076
237.750000	0.001755
238.000000	-0.000381
238.250000	0.001755
238.500000	-0.000076
238.750000	0.001144
239.000000	0.000381
239.250000	0.000076
239.500000	0.000381
239.750000	-0.000839
240.000000	0.000839
240.250000	-0.001144
240.500000	0.000839
240.750000	-0.001907
241.000000	0.000229
241.250000	-0.001297
241.500000	0.000076
241.750000	-0.001297
242.000000	-0.000839
242.250000	-0.000839
242.500000	-0.001755
242.750000	0.001144
243.000000	-0.000687
243.250000	0.000534
243.500000	-0.000534
243.750000	0.000534
244.000000	0.000229
244.250000	0.000076
244.500000	0.000534
244.750000	-0.000992
245.000000	0.000534
245.250000	-0.001297
245.500000	0.000229
245.750000	-0.001755
246.000000	-0.000076
246.250000	-0.001450
246.500000	-0.000687
246.750000	-0.001297
247.000000	-0.001450
247.250000	-0.000839
247.500000	-0.002365
247.750000	-0.001144
248.000000	-0.003586
248.250000	-0.001450
248.500000	-0.003891
248.750000	-0.002518
249.000000	-0.003738
249.250000	-0.002823
249.500000	-0.003433
249.750000	-0.003738
250.000000	-0.002823
250.250000	-0.004044
250.500000	-0.002518
250.750000	-0.004196
251.000000	-0.002670
251.250000	-0.004349
251.500000	-0.002976
251.750000	-0.004654
252.000000	-0.003738
252.250000	-0.004501
252.500000	-0.004654
252.750000	-0.004654
253.000000	-0.005570
253.250000	-0.004654
253.500000	-0.006485
253.750000	-0.004654
254.000000	-0.006180
254.250000	-0.004654
254.500000	-0.006027
254.750000	-0.005570
255.000000	-0.006180
255.250000	-0.006180
255.500000	-0.006332
255.750000	-0.006638
256.000000	-0.005875
256.250000	-0.007095
256.500000	-0.005570
256.750000	-0.007401
257.000000	-0.005570
257.250000	-0.007248
257.500000	-0.006332
257.750000	-0.006943
258.000000	-0.006790
258.250000	-0.006790
258.500000	-0.007706
258.750000	-0.006485
259.000000	-0.008316
259.250000	-0.007095
259.500000	-0.009079
259.750000	-0.007706
260.000000	-0.009232
260.250000	-0.008011
260.500000	-0.009232
260.750000	-0.008774
261.000000	-0.008774
261.250000	-0.009232
261.500000	-0.008316
261.750000	-0.010300
262.000000	-0.008469
262.250000	-0.010300
262.500000	-0.008469
262.750000	-0.010452
263.000000	-0.009232
263.250000	-0.010452
263.500000	-0.010147
263.750000	-0.009842
264.000000	-0.010452
264.250000	-0.009689
264.500000	-0.011063
264.750000	-0.008927
265.000000	-0.011521
265.250000	-0.009842
265.500000	-0.011521
265.750000	-0.009995
266.000000	-0.010910
266.250000	-0.010452
266.500000	-0.010452
266.750000	-0.011368
267.000000	-0.010300
267.250000	-0.011673
267.500000	-0.009995
267.750000	-0.011826
268.000000	-0.010147
268.250000	-0.011978
268.500000	-0.011063
268.750000	-0.011978
269.000000	-0.011673
269.250000	-0.011673
269.500000	-0.012436
269.750000	-0.011521
270.000000	-0.012741
270.250000	-0.011215
270.500000	-0.012894
270.750000	-0.011368
271.000000	-0.012741
271.250000	-0.011368
271.500000	-0.012284
271.750000	-0.011826
272.000000	-0.012131
272.250000	-0.012589
272.500000	-0.011521
272.750000	-0.012741
273.000000	-0.011215
273.250000	-0.012589
273.500000	-0.011063
273.750000	-0.012894
274.000000	-0.011521
274.250000	-0.012589
274.500000	-0.011978
274.750000	-0.012284
275.000000	-0.012741
275.250000	-0.012131
275.500000	-0.013199
275.750000	-0.011978
276.000000	-0.013352
276.250000	-0.011673
276.500000	-0.013199
276.750000	-0.011978
277.000000	-0.013199
277.250000	-0.012589
277.500000	-0.013199
277.750000	-0.013046
278.000000	-0.012741
278.250000	-0.013504
278.500000	-0.012284
278.750000	-0.014267
279.000000	-0.012589
279.250000	-0.014572
279.500000	-0.012741
279.750000	-0.015183
280.000000	-0.014267
280.250000	-0.014725
280.500000	-0.014572
280.750000	-0.014572
281.000000	-0.014572
281.250000	-0.013504
281.500000	-0.014725
281.750000	-0.012741
282.000000	-0.014725
282.250000	-0.012436
282.500000	-0.014725
282.750000	-0.012589
283.000000	-0.014420
283.250000	-0.013046
283.500000	-0.013657
283.750000	-0.013809
284.000000	-0.012741
284.250000	-0.013962
284.500000	-0.012131
284.750000	-0.014267
285.000000	-0.011826
285.250000	-0.013962
285.500000	-0.011826
285.750000	-0.013504
286.000000	-0.011978
286.250000	-0.013046
286.500000	-0.013046
286.750000	-0.012284
287.000000	-0.013352
287.250000	-0.011978
287.500000	-0.013504
287.750000	-0.011673
288.000000	-0.013962
288.250000	-0.011521
288.500000	-0.013352
288.750000	-0.012436
289.000000	-0.012589
289.250000	-0.013809
289.500000	-0.011215
289.750000	-0.014420
290.000000	-0.010758
290.250000	-0.014267
290.500000	-0.010452
290.750000	-0.013352
291.000000	-0.011673
291.250000	-0.012131
291.500000	-0.010910
291.750000	-0.011521
292.000000	-0.011063
292.250000	-0.010910
292.500000	-0.011368
292.750000	-0.010147
293.000000	-0.011368
293.250000	-0.009995
293.500000	-0.011368
293.750000	-0.009537
294.000000	-0.010605
294.250000	-0.009537
294.500000	-0.010147
294.750000	-0.009689
295.000000	-0.009232
295.250000	-0.009689
295.500000	-0.008621
295.750000	-0.009537
296.000000	-0.008011
296.250000	-0.009689
296.500000	-0.007401
296.750000	-0.009079
297.000000	-0.008011
297.250000	-0.008774
297.500000	-0.007858
297.750000	-0.008011
298.000000	-0.007706
298.250000	-0.006180
298.500000	-0.001602
298.750000	0.009384
299.000000	0.002518
299.250000	0.012894
299.500000	0.003433
299.750000	0.013046
300.000000	0.004959
300.250000	0.010452
300.500000	0.006790
300.750000	0.006638
301.000000	0.009842
301.250000	0.004501
301.500000	0.013199
301.750000	0.003738
302.000000	0.013962
302.250000	0.002976
302.500000	0.013962
302.750000	-0.001450
303.000000	0.007553
303.250000	0.004349
303.500000	0.006790
303.750000	0.008927
304.000000	0.005417
304.250000	0.012436
304.500000	0.003586
304.750000	0.014420
305.000000	0.003433
305.250000	0.014267
305.500000	0.004501
305.750000	0.012741
306.000000	0.007401
306.250000	0.010452
306.500000	0.011215
306.750000	0.008164
307.000000	0.016251
307.250000	0.008011
307.500000	0.017319
307.750000	0.017472
308.000000	0.021286
308.250000	0.020676
308.500000	0.021744
308.750000	0.022812
309.000000	0.023270
309.250000	0.023575
309.500000	0.023880
309.750000	0.023423
310.000000	0.024338
310.250000	0.023728
310.500000	0.024796
310.750000	0.023575
311.000000	0.024338
311.250000	0.024643
311.500000	0.025254
311.750000	0.024338
312.000000	0.024796
312.250000	0.024186
312.500000	0.025559
312.750000	0.024338
313.000000	0.026017
313.250000	0.024491
313.500000	0.026017
313.750000	0.025406
314.000000	0.026017
314.250000	0.026169
314.500000	0.025864
314.750000	0.027085
315.000000	0.026017
315.250000	0.027390
315.500000	0.026169
315.750000	0.027390
316.000000	0.026169
316.250000	0.027390
316.500000	0.026169
316.750000	0.027085
317.000000	0.027237
317.250000	0.026780
317.500000	0.027543
317.750000	0.026627
318.000000	0.028000
318.250000	0.026627
318.500000	0.028611
318.750000	0.026169
319.000000	0.028458
319.250000	0.026169
319.500000	0.027543
319.750000	0.027085
320.000000	0.027695
320.250000	0.028305
320.500000	0.026932
320.750000	0.029221
321.000000	0.026627
321.250000	0.029679
321.500000	0.026627
321.750000	0.029374
322.000000	0.027085
322.250000	0.029374
322.500000	0.028305
322.750000	0.028458
323.000000	0.029374
323.250000	0.028000
323.500000	0.030137
323.750000	0.027085
324.000000	0.029984
324.250000	0.027085
324.500000	0.030137
324.750000	0.027390
325.000000	0.029526
325.250000	0.028305
325.500000	0.028916
325.750000	0.028916
326.000000	0.027543
326.250000	0.029374
326.500000	0.027085
326.750000	0.029984
327.000000	0.026627
327.250000	0.029526
327.500000	0.026932
327.750000	0.029679
328.000000	0.027543
328.250000	0.028458
328.500000	0.028611
328.750000	0.027848
329.000000	0.029221
329.250000	0.026627
329.500000	0.029679
329.750000	0.026474
330.000000	0.029831
330.250000	0.026780
330.500000	0.029679
330.750000	0.027543
331.000000	0.028916
331.250000	0.028153
331.500000	0.028000
331.750000	0.029068
332.000000	0.027237
332.250000	0.029526
332.500000	0.026169
332.750000	0.029221
333.000000	0.025711
333.250000	0.028153
333.500000	0.026017
333.750000	0.027237
334.000000	0.026322
334.250000	0.026169
334.500000	0.027085
334.750000	0.025711
335.000000	0.027543
335.250000	0.025101
335.500000	0.027390
335.750000	0.024643
336.000000	0.026932
336.250000	0.024643
336.500000	0.026474
336.750000	0.024949
337.000000	0.025254
337.250000	0.025864
337.500000	0.024643
337.750000	0.026169
338.000000	0.023728
338.250000	0.026322
338.500000	0.023270
338.750000	0.025406
339.000000	0.022660
339.250000	0.024643
339.500000	0.023575
339.750000	0.023728
340.000000	0.023728
340.250000	0.022660
340.500000	0.024033
340.750000	0.021592
341.000000	0.024033
341.250000	0.020981
341.500000	0.023728
341.750000	0.020981
342.000000	0.022660
342.250000	0.021134
342.500000	0.021592
342.750000	0.021744
343.000000	0.021134
343.250000	0.022049
343.500000	0.019913
343.750000	0.021897
344.000000	0.018845
344.250000	0.021286
344.500000	0.018845
344.750000	0.020218
345.000000	0.018692
345.250000	0.019150
345.500000	0.018845
345.750000	0.018082
346.000000	0.018997
346.250000	0.017014
346.500000	0.018845
346.750000	0.016403
347.000000	0.019150
347.250000	0.016556
347.500000	0.018540
347.750000	0.016709
348.000000	0.017014
348.250000	0.016556
348.500000	0.015793
348.750000	0.016861
349.000000	0.014725
349.250000	0.016556
349.500000	0.013962
349.750000	0.016098
350.000000	0.013199
350.250000	0.015030
350.500000	0.013352
350.750000	0.014115
351.000000	0.013352
351.250000	0.012894
351.500000	0.013504
351.750000	0.011215
352.000000	0.013352
352.250000	0.010758
352.500000	0.012741
352.750000	0.010147
353.000000	0.011978
353.250000	0.009537
353.500000	0.010605
353.750000	0.009842
354.000000	0.009537
354.250000	0.010300
354.500000	0.008469
354.750000	0.010452
355.000000	0.007553
355.250000	0.010300
355.500000	0.007248
355.750000	0.009537
356.000000	0.007401
356.250000	0.008011
356.500000	0.006790
356.750000	0.006943
357.000000	0.007095
357.250000	0.005264
357.500000	0.007095
357.750000	0.004654
358.000000	0.006790
358.250000	0.004044
358.500000	0.006027
358.750000	0.003586
359.000000	0.004807
359.250000	0.003586
359.500000	0.003738
359.750000	0.003738
360.000000	0.002365
360.250000	0.003738
360.500000	0.001450
360.750000	0.003433
361.000000	0.000534
361.250000	0.002365
361.500000	-0.000229
361.750000	0.000992
362.000000	-0.000229
362.250000	0.000076
362.500000	0.000076
362.750000	-0.001297
363.000000	-0.000229
363.250000	-0.002670
363.500000	-0.000687
363.750000	-0.003433
364.000000	-0.000992
364.250000	-0.004044
364.500000	-0.002365
364.750000	-0.004044
365.000000	-0.003738
365.250000	-0.003891
365.500000	-0.004959
365.750000	-0.003738
366.000000	-0.006180
366.250000	-0.004349
366.500000	-0.007248
366.750000	-0.005570
367.000000	-0.007858
367.250000	-0.006332
367.500000	-0.008316
367.750000	-0.008011
368.000000	-0.008316
368.250000	-0.009079
368.500000	-0.008316
368.750000	-0.010300
369.000000	-0.008469
369.250000	-0.011368
369.500000	-0.009537
369.750000	-0.011978
370.000000	-0.010605
370.250000	-0.011826
370.500000	-0.011063
370.750000	-0.011673
371.000000	-0.012741
371.250000	-0.011826
371.500000	-0.013657
371.750000	-0.012436
