Cavendish Experiment - Version 1.0
(c) Seth Price, 2017
4/16/2018	9:55:47 AM

Time (s)	Voltage (V)

0.000000	0.016709
0.500000	0.017624
1.000000	0.018235
1.500000	0.018997
2.000000	0.018997
2.500000	0.019455
3.000000	0.020066
3.500000	0.020829
4.000000	0.021897
4.500000	0.022965
5.000000	0.023423
5.500000	0.023880
6.000000	0.024338
6.500000	0.024491
7.000000	0.024796
7.500000	0.024796
8.000000	0.024949
8.500000	0.025406
9.000000	0.026017
9.500000	0.026627
10.000000	0.027695
10.500000	0.029068
11.000000	0.030442
11.500000	0.031815
12.000000	0.032578
12.500000	0.033341
13.000000	0.034714
13.500000	0.034714
14.000000	0.035325
14.500000	0.036393
15.000000	0.037613
15.500000	0.038376
16.000000	0.040055
16.500000	0.041886
17.000000	0.043717
17.500000	0.045396
18.000000	0.046616
18.500000	0.047227
19.000000	0.048753
19.500000	0.050278
20.000000	0.051804
20.500000	0.054093
21.000000	0.056077
21.500000	0.058366
22.000000	0.060960
22.500000	0.062638
23.000000	0.064622
23.500000	0.066148
24.000000	0.067674
24.500000	0.068742
25.000000	0.069810
25.500000	0.071183
26.000000	0.072557
26.500000	0.073777
27.000000	0.074998
