0.000000	0.028916
2.000000	0.255207
4.000000	0.521630
6.000000	0.783780
8.000000	1.043183
10.000000	1.292515
12.000000	1.535897
14.000000	1.771344
16.000000	2.047074
18.000000	2.204395
20.000000	2.403983
22.000000	2.587549
24.000000	2.758450
26.000000	2.913634
28.000000	3.051423
30.000000	3.174868
32.000000	3.280766
34.000000	3.369421
36.000000	3.441749
38.000000	3.496529
40.000000	3.532692
42.000000	3.553750
44.000000	3.555581
46.000000	3.539712
48.000000	3.509499
50.000000	3.458839
52.000000	3.393378
54.000000	3.312657
56.000000	3.213169
58.000000	3.100557
60.000000	2.972076
62.000000	2.828641
64.000000	2.673152
66.000000	2.503319
68.000000	2.320210
70.000000	2.128710
72.000000	1.925307
74.000000	1.712596
76.000000	1.494087
78.000000	1.266728
80.000000	1.034791
82.000000	0.800565
84.000000	0.561913
86.000000	0.323415
88.000000	0.086595
90.000000	-0.151904
92.000000	-0.384146
94.000000	-0.613336
96.000000	-0.839017
98.000000	-1.054780
100.000000	-1.264439
102.000000	-1.464790
104.000000	-1.654307
106.000000	-1.834821
108.000000	-2.003128
110.000000	-2.157855
112.000000	-2.301900
114.000000	-2.432212
116.000000	-2.548638
118.000000	-2.653010
120.000000	-2.742580
122.000000	-2.816739
124.000000	-2.878233
126.000000	-2.925994
128.000000	-2.960174
130.000000	-2.982300
132.000000	-2.988098
134.000000	-2.981384
136.000000	-2.960479
138.000000	-2.925078
140.000000	-2.877928
142.000000	-2.817960
144.000000	-2.745022
146.000000	-2.660334
148.000000	-2.561303
150.000000	-2.448844
152.000000	-2.326314
154.000000	-2.192035
156.000000	-2.045853
158.000000	-1.890669
160.000000	-1.724651
162.000000	-1.550545
164.000000	-1.369726
166.000000	-1.179599
168.000000	-0.985046
170.000000	-0.785916
172.000000	-0.580987
174.000000	-0.375143
176.000000	-0.166705
178.000000	0.042039
180.000000	0.249409
182.000000	0.455253
184.000000	0.658808
186.000000	0.856565
188.000000	1.050965
190.000000	1.238956
192.000000	1.418402
194.000000	1.590982
196.000000	1.753948
198.000000	1.906233
200.000000	2.049363
202.000000	2.179522
204.000000	2.298238
206.000000	2.405051
208.000000	2.497978
210.000000	2.578088
212.000000	2.645685
214.000000	2.698024
216.000000	2.737545
218.000000	2.763638
220.000000	2.774624
222.000000	2.772183
224.000000	2.756618
226.000000	2.726100
228.000000	2.682765
230.000000	2.626917
232.000000	2.557031
234.000000	2.474784
236.000000	2.380331
238.000000	2.274739
240.000000	2.158312
242.000000	2.031052
244.000000	1.893721
246.000000	1.747692
248.000000	1.593729
250.000000	1.431830
252.000000	1.264591
254.000000	1.090791
256.000000	0.913481
258.000000	0.732509
260.000000	0.548638
262.000000	0.364157
264.000000	0.179370
266.000000	-0.005112
268.000000	-0.186999
270.000000	-0.368582
272.000000	-0.544671
274.000000	-0.715724
276.000000	-0.883116
278.000000	-1.043488
280.000000	-1.196231
282.000000	-1.341192
284.000000	-1.477760
286.000000	-1.605783
288.000000	-1.725109
290.000000	-1.833448
292.000000	-1.932021
294.000000	-2.020981
296.000000	-2.097581
298.000000	-2.163195
300.000000	-2.218280
302.000000	-2.261006
304.000000	-2.293813
306.000000	-2.314260
308.000000	-2.323720
310.000000	-2.321126
312.000000	-2.308309
314.000000	-2.283131
316.000000	-2.248341
318.000000	-2.201648
320.000000	-2.144884
322.000000	-2.078355
324.000000	-2.000687
326.000000	-1.913558
328.000000	-1.817578
330.000000	-1.711528
332.000000	-1.597543
334.000000	-1.475929
336.000000	-1.346380
338.000000	-1.211032
340.000000	-1.068971
342.000000	-0.921416
344.000000	-0.770047
346.000000	-0.613794
348.000000	-0.454948
350.000000	-0.294270
352.000000	-0.131762
354.000000	0.030747
356.000000	0.192493
358.000000	0.353780
360.000000	0.512169
362.000000	0.666590
364.000000	0.818112
366.000000	0.964904
368.000000	1.105440
370.000000	1.240330
372.000000	1.366674
374.000000	1.486610
376.000000	1.598001
378.000000	1.700542
380.000000	1.794385
382.000000	1.878004
384.000000	1.951247
386.000000	2.015335
388.000000	2.068894
390.000000	2.110094
392.000000	2.142138
394.000000	2.162585
396.000000	2.172351
398.000000	2.171130
400.000000	2.158465
402.000000	2.135119
404.000000	2.101091
406.000000	2.055467
408.000000	2.000992
410.000000	1.936599
412.000000	1.861830
414.000000	1.779126
416.000000	1.687419
418.000000	1.587167
420.000000	1.480201
422.000000	1.366369
424.000000	1.245823
426.000000	1.121157
428.000000	0.990234
430.000000	0.855192
432.000000	0.716793
434.000000	0.575799
436.000000	0.432822
438.000000	0.289082
440.000000	0.144274
442.000000	0.000992
444.000000	-0.141222
446.000000	-0.282368
448.000000	-0.419242
450.000000	-0.552758
452.000000	-0.683833
454.000000	-0.808042
456.000000	-0.928283
458.000000	-1.041505
460.000000	-1.147402
462.000000	-1.247959
464.000000	-1.340734
466.000000	-1.424811
468.000000	-1.502174
470.000000	-1.570382
472.000000	-1.630350
474.000000	-1.681926
476.000000	-1.723278
478.000000	-1.756390
480.000000	-1.780804
482.000000	-1.795148
484.000000	-1.801251
486.000000	-1.798657
488.000000	-1.785229
490.000000	-1.764782
492.000000	-1.734417
494.000000	-1.694743
496.000000	-1.647898
498.000000	-1.592203
500.000000	-1.527962
502.000000	-1.458534
504.000000	-1.379645
506.000000	-1.293736
508.000000	-1.202945
510.000000	-1.104372
512.000000	-0.999695
514.000000	-0.891966
516.000000	-0.778592
518.000000	-0.661707
520.000000	-0.542840
522.000000	-0.419547
524.000000	-0.295186
526.000000	-0.170214
528.000000	-0.042649
530.000000	0.082933
532.000000	0.208362
534.000000	0.333333
536.000000	0.455100
538.000000	0.575036
540.000000	0.692073
542.000000	0.803159
544.000000	0.911498
546.000000	1.014496
548.000000	1.111086
550.000000	1.202945
552.000000	1.287022
554.000000	1.363623
556.000000	1.435645
558.000000	1.497749
560.000000	1.551919
562.000000	1.599832
564.000000	1.636759
566.000000	1.666056
568.000000	1.688487
570.000000	1.699474
572.000000	1.703593
574.000000	1.699016
576.000000	1.684672
578.000000	1.663310
580.000000	1.633249
582.000000	1.594034
584.000000	1.549477
586.000000	1.495308
588.000000	1.434577
590.000000	1.367895
592.000000	1.292973
594.000000	1.212711
596.000000	1.127871
598.000000	1.035554
600.000000	0.940490
602.000000	0.841306
604.000000	0.737240
606.000000	0.631800
608.000000	0.524071
610.000000	0.412375
612.000000	0.301595
614.000000	0.189746
616.000000	0.076982
618.000000	-0.033036
620.000000	-0.143359
622.000000	-0.250782
624.000000	-0.355917
626.000000	-0.459525
628.000000	-0.558556
630.000000	-0.653315
632.000000	-0.744869
634.000000	-0.831693
636.000000	-0.912718
638.000000	-0.990082
640.000000	-1.059968
642.000000	-1.122835
644.000000	-1.181125
646.000000	-1.231937
648.000000	-1.275578
650.000000	-1.312657
652.000000	-1.342260
654.000000	-1.365148
656.000000	-1.380865
658.000000	-1.387884
660.000000	-1.388495
662.000000	-1.381781
664.000000	-1.367285
666.000000	-1.346838
668.000000	-1.318608
670.000000	-1.284733
672.000000	-1.244297
674.000000	-1.196536
676.000000	-1.143130
678.000000	-1.084382
680.000000	-1.019532
682.000000	-0.949493
684.000000	-0.875639
686.000000	-0.795682
688.000000	-0.712520
690.000000	-0.625391
692.000000	-0.534447
694.000000	-0.441978
696.000000	-0.346609
698.000000	-0.249714
700.000000	-0.151446
702.000000	-0.053483
704.000000	0.045090
706.000000	0.143053
708.000000	0.239948
710.000000	0.336080
712.000000	0.429618
714.000000	0.521019
716.000000	0.609827
718.000000	0.694362
720.000000	0.776761
722.000000	0.853819
724.000000	0.926604
726.000000	0.994049
728.000000	1.056153
730.000000	1.112764
732.000000	1.164187
734.000000	1.208896
736.000000	1.247807
738.000000	1.280308
740.000000	1.305486
742.000000	1.324559
744.000000	1.337682
746.000000	1.343023
748.000000	1.341650
750.000000	1.334325
752.000000	1.319066
754.000000	1.297704
756.000000	1.269474
758.000000	1.236057
760.000000	1.196231
762.000000	1.150607
764.000000	1.099947
766.000000	1.043183
768.000000	0.981994
770.000000	0.916686
772.000000	0.846952
774.000000	0.774014
776.000000	0.698329
778.000000	0.617761
780.000000	0.535821
782.000000	0.452049
784.000000	0.367819
786.000000	0.280842
788.000000	0.194324
790.000000	0.106889
792.000000	0.019760
794.000000	-0.066148
796.000000	-0.151446
798.000000	-0.234302
800.000000	-0.315938
802.000000	-0.394369
804.000000	-0.470359
806.000000	-0.542535
808.000000	-0.611811
810.000000	-0.676661
812.000000	-0.737087
814.000000	-0.793698
816.000000	-0.845121
818.000000	-0.891966
820.000000	-0.933318
822.000000	-0.969329
824.000000	-1.000153
826.000000	-1.025483
828.000000	-1.044709
830.000000	-1.058900
832.000000	-1.066682
834.000000	-1.068360
836.000000	-1.065614
838.000000	-1.056458
840.000000	-1.041505
842.000000	-1.021515
844.000000	-0.995880
846.000000	-0.965362
848.000000	-0.929351
850.000000	-0.887999
852.000000	-0.842832
854.000000	-0.793088
856.000000	-0.739071
858.000000	-0.681086
860.000000	-0.619287
862.000000	-0.554894
864.000000	-0.487907
866.000000	-0.417716
868.000000	-0.344625
870.000000	-0.271534
872.000000	-0.196002
874.000000	-0.119707
876.000000	-0.043259
878.000000	0.033951
880.000000	0.109941
882.000000	0.186236
884.000000	0.261311
886.000000	0.335164
888.000000	0.406729
890.000000	0.476921
892.000000	0.544213
894.000000	0.608454
896.000000	0.668421
898.000000	0.726101
900.000000	0.779965
902.000000	0.829709
904.000000	0.874113
906.000000	0.915770
908.000000	0.951476
910.000000	0.982757
912.000000	1.008545
914.000000	1.030365
916.000000	1.046693
918.000000	1.060884
920.000000	1.060273
922.000000	1.066072
924.000000	1.056611
926.000000	1.041657
928.000000	1.031128
930.000000	1.003815
932.000000	0.981689
934.000000	0.953002
936.000000	0.913634
938.000000	0.875944
940.000000	0.833982
942.000000	0.782254
944.000000	0.733120
946.000000	0.681086
948.000000	0.617609
950.000000	0.562524
952.000000	0.499657
954.000000	0.429923
956.000000	0.370871
958.000000	0.299458
960.000000	0.230182
962.000000	0.167620
964.000000	0.090562
966.000000	0.025559
968.000000	-0.040360
970.000000	-0.113756
972.000000	-0.175097
974.000000	-0.240253
976.000000	-0.306172
978.000000	-0.362783
980.000000	-0.421988
982.000000	-0.479820
984.000000	-0.528649
986.000000	-0.578241
988.000000	-0.625849
990.000000	-0.661555
992.000000	-0.704433
994.000000	-0.738613
996.000000	-0.763027
998.000000	-0.795377
1000.000000	-0.812924
1002.000000	-0.827878
1004.000000	-0.843748
1006.000000	-0.846494
1008.000000	-0.843748
1010.000000	-0.834592
1012.000000	-0.827268
1014.000000	-0.815671
1016.000000	-0.799649
1018.000000	-0.777066
1020.000000	-0.752041
1022.000000	-0.725948
1024.000000	-0.688716
1026.000000	-0.653162
1028.000000	-0.615167
1030.000000	-0.566796
1032.000000	-0.524376
1034.000000	-0.474327
1036.000000	-0.417563
1038.000000	-0.369039
1040.000000	-0.308461
1042.000000	-0.250324
1044.000000	-0.194324
1046.000000	-0.129015
1048.000000	-0.069810
1050.000000	-0.008621
1052.000000	0.055924
1054.000000	0.115129
1056.000000	0.176471
1058.000000	0.239338
1060.000000	0.296712
1062.000000	0.353933
1064.000000	0.412985
1066.000000	0.464103
1068.000000	0.515984
1070.000000	0.568322
1072.000000	0.609674
1074.000000	0.656214
1076.000000	0.697261
1078.000000	0.729610
1080.000000	0.766995
1082.000000	0.793545
1084.000000	0.817502
1086.000000	0.842222
1088.000000	0.856565
1090.000000	0.869535
1092.000000	0.880217
1094.000000	0.870451
1096.000000	0.867094
1098.000000	0.865721
1100.000000	0.851072
1102.000000	0.842832
1104.000000	0.825742
1106.000000	0.797665
1108.000000	0.779660
1110.000000	0.748989
1112.000000	0.711452
1114.000000	0.683528
1116.000000	0.637751
1118.000000	0.595483
1120.000000	0.557641
1122.000000	0.500572
1124.000000	0.455558
1126.000000	0.407340
1128.000000	0.347219
1130.000000	0.300069
1132.000000	0.244068
1134.000000	0.182269
1136.000000	0.132372
1138.000000	0.073014
1140.000000	0.012284
1142.000000	-0.037156
1144.000000	-0.096818
1146.000000	-0.153887
1148.000000	-0.199512
1150.000000	-0.257801
1152.000000	-0.307240
1154.000000	-0.349203
1156.000000	-0.402762
1158.000000	-0.440909
1160.000000	-0.478294
1162.000000	-0.522087
1164.000000	-0.549706
1166.000000	-0.582361
1168.000000	-0.614404
1170.000000	-0.631495
1172.000000	-0.655604
1174.000000	-0.674983
1176.000000	-0.681849
1178.000000	-0.696956
1180.000000	-0.701534
1182.000000	-0.699702
1184.000000	-0.692531
1186.000000	-0.680018
1188.000000	-0.669490
1190.000000	-0.659571
1192.000000	-0.638819
1194.000000	-0.618982
1196.000000	-0.596704
1198.000000	-0.565118
1200.000000	-0.536431
1202.000000	-0.503014
1204.000000	-0.463951
1206.000000	-0.427329
1208.000000	-0.385367
1210.000000	-0.340352
1212.000000	-0.296712
1214.000000	-0.248493
1216.000000	-0.199359
1218.000000	-0.151904
1220.000000	-0.098650
1222.000000	-0.047990
1224.000000	0.002518
1226.000000	0.056687
1228.000000	0.106432
1230.000000	0.156176
1232.000000	0.210803
1234.000000	0.258106
1236.000000	0.306783
1238.000000	0.357137
1240.000000	0.398184
1242.000000	0.443503
1244.000000	0.485924
1246.000000	0.521019
1248.000000	0.560235
1250.000000	0.593194
1252.000000	0.620356
1254.000000	0.651484
1256.000000	0.674372
1258.000000	0.693599
1260.000000	0.716182
1262.000000	0.717403
1264.000000	0.720607
1266.000000	0.732662
1268.000000	0.730678
1270.000000	0.730678
1272.000000	0.730983
1274.000000	0.716640
1276.000000	0.708400
1278.000000	0.695125
1280.000000	0.671321
1282.000000	0.656214
1284.000000	0.630579
1286.000000	0.598535
1288.000000	0.574578
1290.000000	0.537652
1292.000000	0.501488
1294.000000	0.467613
1296.000000	0.424125
1298.000000	0.382620
1300.000000	0.342641
1302.000000	0.293660
1304.000000	0.249714
1306.000000	0.205615
1308.000000	0.153582
1310.000000	0.110399
1312.000000	0.063096
1314.000000	0.010605
1316.000000	-0.031205
1318.000000	-0.079576
1320.000000	-0.127184
1322.000000	-0.166094
1324.000000	-0.213855
1326.000000	-0.255360
1328.000000	-0.291524
1330.000000	-0.333333
1332.000000	-0.367514
1334.000000	-0.399100
1336.000000	-0.433738
1338.000000	-0.459525
1340.000000	-0.483330
1342.000000	-0.509117
1344.000000	-0.526513
1346.000000	-0.542840
1348.000000	-0.559777
1350.000000	-0.566491
1352.000000	-0.577020
1354.000000	-0.583276
1356.000000	-0.579614
1358.000000	-0.571984
1360.000000	-0.562524
1362.000000	-0.550622
1364.000000	-0.539788
1366.000000	-0.526513
1368.000000	-0.503777
1370.000000	-0.484855
1372.000000	-0.461051
1374.000000	-0.432517
1376.000000	-0.406729
1378.000000	-0.373922
1380.000000	-0.338521
1382.000000	-0.305715
1384.000000	-0.267414
1386.000000	-0.227893
1388.000000	-0.189899
1390.000000	-0.146105
1392.000000	-0.103838
1394.000000	-0.062181
1396.000000	-0.015335
1398.000000	0.027390
1400.000000	0.070726
1402.000000	0.117266
1404.000000	0.158312
1406.000000	0.201648
1408.000000	0.245594
1410.000000	0.283742
1412.000000	0.324941
1414.000000	0.364462
1416.000000	0.398947
1418.000000	0.435874
1420.000000	0.468681
1422.000000	0.497215
1424.000000	0.527123
1426.000000	0.552758
1428.000000	0.573358
1430.000000	0.596399
1432.000000	0.611811
1434.000000	0.626001
1436.000000	0.638666
1438.000000	0.645228
1440.000000	0.651637
1442.000000	0.655146
1444.000000	0.646296
1446.000000	0.637598
1448.000000	0.629816
1450.000000	0.617609
1452.000000	0.608454
1454.000000	0.591669
1456.000000	0.571527
1458.000000	0.554742
1460.000000	0.528344
1462.000000	0.503014
1464.000000	0.476463
1466.000000	0.443656
1468.000000	0.411917
1470.000000	0.379263
1472.000000	0.341726
1474.000000	0.305257
1476.000000	0.268635
1478.000000	0.227283
1480.000000	0.188373
1482.000000	0.149004
1484.000000	0.105516
1486.000000	0.067216
1488.000000	0.026169
1490.000000	-0.016098
1492.000000	-0.053025
1494.000000	-0.095445
1496.000000	-0.133135
1498.000000	-0.168231
1500.000000	-0.206226
1502.000000	-0.239796
1504.000000	-0.271229
1506.000000	-0.304341
1508.000000	-0.332113
1510.000000	-0.358053
1512.000000	-0.384451
1514.000000	-0.405051
1516.000000	-0.424277
1518.000000	-0.444114
1520.000000	-0.456016
1522.000000	-0.468986
1524.000000	-0.479515
1526.000000	-0.482872
1528.000000	-0.488823
1530.000000	-0.489738
1532.000000	-0.485924
1534.000000	-0.484092
1536.000000	-0.471275
1538.000000	-0.453574
1540.000000	-0.440909
1542.000000	-0.424582
1544.000000	-0.406729
1546.000000	-0.388571
1548.000000	-0.363546
1550.000000	-0.339284
1552.000000	-0.312886
1554.000000	-0.283436
1556.000000	-0.254292
1558.000000	-0.222553
1560.000000	-0.187304
1562.000000	-0.154040
1564.000000	-0.118639
1566.000000	-0.080491
1568.000000	-0.045090
1570.000000	-0.006485
1572.000000	0.031510
1574.000000	0.067674
1576.000000	0.106737
1578.000000	0.144579
1580.000000	0.179980
1582.000000	0.217670
1584.000000	0.252766
1586.000000	0.285573
1588.000000	0.321126
1590.000000	0.351186
1592.000000	0.380636
1594.000000	0.409781
1596.000000	0.435111
1598.000000	0.459678
1600.000000	0.482719
1602.000000	0.500877
1604.000000	0.519036
1606.000000	0.534447
1608.000000	0.545586
1610.000000	0.557488
1612.000000	0.565270
1614.000000	0.569085
1616.000000	0.573358
1618.000000	0.572747
1620.000000	0.570153
1622.000000	0.566033
1624.000000	0.547875
1626.000000	0.534142
1628.000000	0.521935
1630.000000	0.506065
1632.000000	0.489586
1634.000000	0.470512
1636.000000	0.446555
1638.000000	0.424735
1640.000000	0.398489
1642.000000	0.369955
1644.000000	0.343099
1646.000000	0.311666
1648.000000	0.279469
1650.000000	0.249714
1652.000000	0.212787
1654.000000	0.180133
1656.000000	0.145800
1658.000000	0.108873
1660.000000	0.075456
1662.000000	0.039445
1664.000000	0.003891
1666.000000	-0.030137
1668.000000	-0.064775
1670.000000	-0.098344
1672.000000	-0.129778
1674.000000	-0.160906
1676.000000	-0.192340
1678.000000	-0.219654
1680.000000	-0.248188
1682.000000	-0.274434
1684.000000	-0.296712
1686.000000	-0.320211
1688.000000	-0.338674
1690.000000	-0.356832
1692.000000	-0.374075
1694.000000	-0.386130
1696.000000	-0.397879
1698.000000	-0.407492
1700.000000	-0.413138
1702.000000	-0.417258
1704.000000	-0.419547
1706.000000	-0.418173
1708.000000	-0.415427
1710.000000	-0.410239
1712.000000	-0.400626
1714.000000	-0.391165
1716.000000	-0.372396
1718.000000	-0.351949
1720.000000	-0.335317
1722.000000	-0.316548
1724.000000	-0.296864
1726.000000	-0.273976
1728.000000	-0.248798
1730.000000	-0.223011
1732.000000	-0.195087
1734.000000	-0.168078
1736.000000	-0.139086
1738.000000	-0.106737
1740.000000	-0.077592
1742.000000	-0.044175
1744.000000	-0.011826
1746.000000	0.019913
1748.000000	0.053788
1750.000000	0.086595
1752.000000	0.119249
1754.000000	0.151598
1756.000000	0.182574
1758.000000	0.213703
1760.000000	0.243763
1762.000000	0.272755
1764.000000	0.300832
1766.000000	0.328298
1768.000000	0.352255
1770.000000	0.376211
1772.000000	0.399405
1774.000000	0.418479
1776.000000	0.438010
1778.000000	0.454337
1780.000000	0.467918
1782.000000	0.481193
1784.000000	0.491264
1786.000000	0.499352
1788.000000	0.506828
1790.000000	0.509728
1792.000000	0.511101
1794.000000	0.511254
1796.000000	0.507439
1798.000000	0.495537
1800.000000	0.484245
1802.000000	0.474937
1804.000000	0.463951
1806.000000	0.449149
1808.000000	0.434043
1810.000000	0.416953
1812.000000	0.397879
1814.000000	0.375601
1816.000000	0.353780
1818.000000	0.328908
1820.000000	0.302510
1822.000000	0.277180
1824.000000	0.247272
1826.000000	0.218738
1828.000000	0.190509
1830.000000	0.158465
1832.000000	0.130694
1834.000000	0.098955
1836.000000	0.066606
1838.000000	0.038071
1840.000000	0.006790
1842.000000	-0.024186
1844.000000	-0.052262
1846.000000	-0.082170
1848.000000	-0.110246
1850.000000	-0.136492
1852.000000	-0.163043
1854.000000	-0.188220
1856.000000	-0.209888
1858.000000	-0.233387
1860.000000	-0.253529
1862.000000	-0.271077
1864.000000	-0.289693
1866.000000	-0.302205
1868.000000	-0.315938
1870.000000	-0.328145
1872.000000	-0.334554
1874.000000	-0.343404
1876.000000	-0.348287
1878.000000	-0.349966
1880.000000	-0.351644
1882.000000	-0.349508
1884.000000	-0.346151
1886.000000	-0.335164
1888.000000	-0.322042
1890.000000	-0.310750
1892.000000	-0.300679
1894.000000	-0.285878
1896.000000	-0.270008
1898.000000	-0.254292
1900.000000	-0.234607
1902.000000	-0.213245
1904.000000	-0.193103
1906.000000	-0.168231
1908.000000	-0.144274
1910.000000	-0.119554
1912.000000	-0.091478
1914.000000	-0.065385
1916.000000	-0.038071
1918.000000	-0.007553
1920.000000	0.019303
1922.000000	0.047990
1924.000000	0.078355
1926.000000	0.105516
1928.000000	0.135271
1930.000000	0.163958
1932.000000	0.190204
1934.000000	0.218738
1936.000000	0.245441
1938.000000	0.269551
1940.000000	0.295033
1942.000000	0.318074
1944.000000	0.339437
1946.000000	0.360800
1948.000000	0.378653
1950.000000	0.395743
1952.000000	0.412528
1954.000000	0.425345
1956.000000	0.438163
1958.000000	0.449302
1960.000000	0.456321
1962.000000	0.463951
1964.000000	0.467613
1966.000000	0.468223
1968.000000	0.469596
1970.000000	0.464866
1972.000000	0.450217
1974.000000	0.443198
1976.000000	0.437095
1978.000000	0.426566
1980.000000	0.414816
1982.000000	0.402762
1984.000000	0.385367
1986.000000	0.369955
1988.000000	0.351797
1990.000000	0.329671
1992.000000	0.309987
1994.000000	0.286641
1996.000000	0.262531
1998.000000	0.239643
2000.000000	0.212482
2002.000000	0.186084
2004.000000	0.160143
2006.000000	0.131762
2008.000000	0.103838
2010.000000	0.076677
2012.000000	0.047379
2014.000000	0.019760
2016.000000	-0.007553
2018.000000	-0.036545
2020.000000	-0.062791
2022.000000	-0.089342
2024.000000	-0.115434
2026.000000	-0.138476
2028.000000	-0.163195
2030.000000	-0.184710
2032.000000	-0.204700
2034.000000	-0.225299
2036.000000	-0.241932
2038.000000	-0.258564
2040.000000	-0.273671
2042.000000	-0.286488
2044.000000	-0.297932
2046.000000	-0.307698
2048.000000	-0.314412
2050.000000	-0.320516
2052.000000	-0.324788
2054.000000	-0.326467
2056.000000	-0.327077
2058.000000	-0.326009
2060.000000	-0.319905
2062.000000	-0.310445
2064.000000	-0.297322
2066.000000	-0.284199
2068.000000	-0.274739
2070.000000	-0.261006
2072.000000	-0.245594
2074.000000	-0.231403
2076.000000	-0.211872
2078.000000	-0.192645
2080.000000	-0.173266
2082.000000	-0.149004
2084.000000	-0.127642
2086.000000	-0.103227
2088.000000	-0.076524
2090.000000	-0.052567
2092.000000	-0.024949
2094.000000	0.002060
2096.000000	0.028305
2098.000000	0.056382
2100.000000	0.083085
2102.000000	0.109636
2104.000000	0.136492
2106.000000	0.162890
2108.000000	0.188220
2110.000000	0.214160
2112.000000	0.238727
2114.000000	0.261769
2116.000000	0.286030
2118.000000	0.306630
2120.000000	0.326925
2122.000000	0.346914
2124.000000	0.362783
2126.000000	0.379568
2128.000000	0.394827
2130.000000	0.407340
2132.000000	0.418631
2134.000000	0.428092
2136.000000	0.435416
2138.000000	0.442130
2140.000000	0.445640
2142.000000	0.447013
2144.000000	0.444266
2146.000000	0.437705
2148.000000	0.426719
2150.000000	0.425040
2152.000000	0.417563
2154.000000	0.406729
2156.000000	0.398947
2158.000000	0.383536
2160.000000	0.368429
2162.000000	0.354543
2164.000000	0.335317
2166.000000	0.315938
2168.000000	0.297780
2170.000000	0.273976
2172.000000	0.252155
2174.000000	0.229877
2176.000000	0.203174
2178.000000	0.180285
2180.000000	0.155566
2182.000000	0.127184
2184.000000	0.104601
2186.000000	0.077745
2188.000000	0.050278
2190.000000	0.026932
2192.000000	-0.000229
2194.000000	-0.025406
2196.000000	-0.047684
2198.000000	-0.073625
2200.000000	-0.096056
2202.000000	-0.116045
2204.000000	-0.139086
2206.000000	-0.157855
2208.000000	-0.174487
2210.000000	-0.194171
2212.000000	-0.208515
2214.000000	-0.223011
2216.000000	-0.238422
2218.000000	-0.247578
2220.000000	-0.258412
2222.000000	-0.267109
2224.000000	-0.271229
2226.000000	-0.277638
2228.000000	-0.279622
2230.000000	-0.279316
2232.000000	-0.280842
2234.000000	-0.277485
2236.000000	-0.266651
2238.000000	-0.259632
2240.000000	-0.244373
2242.000000	-0.234913
2244.000000	-0.226520
2246.000000	-0.210651
2248.000000	-0.197986
2250.000000	-0.183337
2252.000000	-0.162280
2254.000000	-0.146410
2256.000000	-0.127184
2258.000000	-0.104143
2260.000000	-0.085527
2262.000000	-0.062181
2264.000000	-0.037766
2266.000000	-0.016861
2268.000000	0.009079
2270.000000	0.035325
2272.000000	0.057450
2274.000000	0.084459
2276.000000	0.108873
2278.000000	0.131762
2280.000000	0.159533
2282.000000	0.182269
2284.000000	0.205615
2286.000000	0.231098
2288.000000	0.251545
2290.000000	0.272602
2292.000000	0.294118
2294.000000	0.310597
2296.000000	0.329671
2298.000000	0.346456
2300.000000	0.358968
2302.000000	0.374533
2304.000000	0.386587
2306.000000	0.394369
2308.000000	0.406271
2310.000000	0.412375
2312.000000	0.417411
2314.000000	0.423819
2316.000000	0.423819
2318.000000	0.424277
2320.000000	0.425956
2322.000000	0.420310
2324.000000	0.416342
2326.000000	0.405203
2328.000000	0.390402
2330.000000	0.379721
2332.000000	0.366598
2334.000000	0.353628
2336.000000	0.338979
2338.000000	0.322042
2340.000000	0.304189
2342.000000	0.287098
2344.000000	0.265278
2346.000000	0.244678
2348.000000	0.225605
2350.000000	0.201038
2352.000000	0.180133
2354.000000	0.156939
2356.000000	0.131151
2358.000000	0.109941
2360.000000	0.083848
2362.000000	0.059129
2364.000000	0.036851
2366.000000	0.010300
2368.000000	-0.012436
2370.000000	-0.035019
2372.000000	-0.058824
2374.000000	-0.080644
2376.000000	-0.100481
2378.000000	-0.121996
2380.000000	-0.140002
2382.000000	-0.156939
2384.000000	-0.175555
2386.000000	-0.188830
2388.000000	-0.202716
2390.000000	-0.217212
2392.000000	-0.225147
2394.000000	-0.236286
2396.000000	-0.244068
2398.000000	-0.248646
2400.000000	-0.255970
2402.000000	-0.258259
2404.000000	-0.258564
2406.000000	-0.260853
2408.000000	-0.257954
2410.000000	-0.250172
2412.000000	-0.242695
2414.000000	-0.228351
2416.000000	-0.221332
2418.000000	-0.212024
2420.000000	-0.199359
2422.000000	-0.187762
2424.000000	-0.172808
2426.000000	-0.156634
2428.000000	-0.142596
2430.000000	-0.123369
2432.000000	-0.103990
2434.000000	-0.085222
2436.000000	-0.062638
2438.000000	-0.042344
2440.000000	-0.020523
2442.000000	0.004349
2444.000000	0.026474
2446.000000	0.050431
2448.000000	0.075608
2450.000000	0.098802
2452.000000	0.122148
2454.000000	0.146410
2456.000000	0.167163
2458.000000	0.190814
2460.000000	0.213550
2462.000000	0.233845
2464.000000	0.255970
2466.000000	0.274586
2468.000000	0.292897
2470.000000	0.312886
2472.000000	0.328756
2474.000000	0.344625
2476.000000	0.358968
2478.000000	0.371023
2480.000000	0.382773
2482.000000	0.393301
2484.000000	0.400320
2486.000000	0.407187
2488.000000	0.412680
2490.000000	0.414511
2492.000000	0.416953
2494.000000	0.410086
2496.000000	0.399863
2498.000000	0.399863
2500.000000	0.393759
2502.000000	0.385672
2504.000000	0.378805
2506.000000	0.366598
2508.000000	0.356527
2510.000000	0.343404
2512.000000	0.328756
2514.000000	0.314260
2516.000000	0.296712
2518.000000	0.279316
2520.000000	0.260548
2522.000000	0.239948
2524.000000	0.219043
2526.000000	0.197528
2528.000000	0.175250
2530.000000	0.150835
2532.000000	0.128252
2534.000000	0.105211
2536.000000	0.080949
2538.000000	0.058671
2540.000000	0.034409
2542.000000	0.012741
2544.000000	-0.009842
2546.000000	-0.033341
2548.000000	-0.053635
2550.000000	-0.076524
2552.000000	-0.096361
2554.000000	-0.115740
2556.000000	-0.134813
2558.000000	-0.152056
2560.000000	-0.168231
2562.000000	-0.183337
2564.000000	-0.197833
2566.000000	-0.209277
2568.000000	-0.220264
2570.000000	-0.230945
2572.000000	-0.237201
2574.000000	-0.244068
2576.000000	-0.247425
2578.000000	-0.250019
2580.000000	-0.252766
2582.000000	-0.252461
2584.000000	-0.238880
2586.000000	-0.232776
2588.000000	-0.227283
2590.000000	-0.223011
2592.000000	-0.212482
2594.000000	-0.204547
2596.000000	-0.194018
2598.000000	-0.177691
2600.000000	-0.165789
2602.000000	-0.149004
2604.000000	-0.132525
2606.000000	-0.115434
2608.000000	-0.094987
2610.000000	-0.074540
2612.000000	-0.055467
2614.000000	-0.033188
2616.000000	-0.011368
2618.000000	0.009842
2620.000000	0.034257
2622.000000	0.056992
2624.000000	0.078660
2626.000000	0.104295
2628.000000	0.125658
2630.000000	0.149157
2632.000000	0.174487
2634.000000	0.194629
2636.000000	0.218280
2638.000000	0.240101
2640.000000	0.258717
2642.000000	0.279316
2644.000000	0.297017
2646.000000	0.313344
2648.000000	0.330739
2650.000000	0.345083
2652.000000	0.357900
2654.000000	0.371023
2656.000000	0.382162
2658.000000	0.379568
2660.000000	0.386435
2662.000000	0.390402
2664.000000	0.394217
2666.000000	0.400015
2668.000000	0.399863
2670.000000	0.400931
2672.000000	0.399405
2674.000000	0.389639
2676.000000	0.389792
2678.000000	0.381399
2680.000000	0.372244
2682.000000	0.362020
2684.000000	0.349966
2686.000000	0.335470
2688.000000	0.321584
2690.000000	0.304494
2692.000000	0.287709
2694.000000	0.270008
2696.000000	0.250629
2698.000000	0.231250
2700.000000	0.211261
2702.000000	0.189593
2704.000000	0.168536
2706.000000	0.146105
2708.000000	0.122759
2710.000000	0.100938
2712.000000	0.077287
2714.000000	0.055161
2716.000000	0.033646
2718.000000	0.009995
2720.000000	-0.010300
2722.000000	-0.031510
2724.000000	-0.052262
2726.000000	-0.071336
2728.000000	-0.089952
2730.000000	-0.107195
2732.000000	-0.122911
2734.000000	-0.140307
2736.000000	-0.155261
2738.000000	-0.167773
2740.000000	-0.180133
2742.000000	-0.191119
2744.000000	-0.199207
2746.000000	-0.208209
2748.000000	-0.214008
2750.000000	-0.216754
2752.000000	-0.221485
2754.000000	-0.217823
2756.000000	-0.204547
2758.000000	-0.205158
2760.000000	-0.201648
2762.000000	-0.194018
2764.000000	-0.189136
2766.000000	-0.180285
2768.000000	-0.169909
2770.000000	-0.159991
2772.000000	-0.146105
2774.000000	-0.130083
2776.000000	-0.116350
2778.000000	-0.099260
2780.000000	-0.079881
2782.000000	-0.063096
2784.000000	-0.042496
2786.000000	-0.023423
2788.000000	-0.004349
2790.000000	0.018997
2792.000000	0.039902
2794.000000	0.060655
2796.000000	0.084764
2798.000000	0.105669
2800.000000	0.128405
2802.000000	0.151751
2804.000000	0.171893
2806.000000	0.193408
2808.000000	0.214923
2810.000000	0.233082
2812.000000	0.253681
2814.000000	0.272755
2816.000000	0.288930
2818.000000	0.306935
2820.000000	0.322042
2822.000000	0.336233
2824.000000	0.351492
2826.000000	0.362631
2828.000000	0.373312
2830.000000	0.380789
2832.000000	0.387503
2834.000000	0.396048
2836.000000	0.401999
2838.000000	0.405203
2840.000000	0.407492
2842.000000	0.409018
2844.000000	0.407797
2846.000000	0.396506
2848.000000	0.390249
2850.000000	0.381704
2852.000000	0.374838
2854.000000	0.366598
2856.000000	0.358511
2858.000000	0.345388
2860.000000	0.332876
2862.000000	0.321584
2864.000000	0.304189
2866.000000	0.288014
2868.000000	0.273976
2870.000000	0.253834
2872.000000	0.236439
2874.000000	0.217823
2876.000000	0.195544
2878.000000	0.177386
2880.000000	0.155718
2882.000000	0.134356
2884.000000	0.114519
2886.000000	0.091325
2888.000000	0.069352
2890.000000	0.049058
2892.000000	0.026169
2894.000000	0.004501
2896.000000	-0.014572
2898.000000	-0.036698
2900.000000	-0.056535
2902.000000	-0.074235
2904.000000	-0.093767
2906.000000	-0.109178
2908.000000	-0.125353
2910.000000	-0.142443
2912.000000	-0.154345
2914.000000	-0.168841
2916.000000	-0.180591
2918.000000	-0.189441
2920.000000	-0.199969
2922.000000	-0.208362
2924.000000	-0.213550
2926.000000	-0.220111
2928.000000	-0.222705
2930.000000	-0.224079
2932.000000	-0.218433
2934.000000	-0.214618
2936.000000	-0.204700
2938.000000	-0.201648
2940.000000	-0.195392
2942.000000	-0.186847
2944.000000	-0.179980
2946.000000	-0.168841
2948.000000	-0.157855
2950.000000	-0.144884
2952.000000	-0.130541
2954.000000	-0.114672
2956.000000	-0.097124
2958.000000	-0.080186
2960.000000	-0.060044
2962.000000	-0.041886
2964.000000	-0.020981
2966.000000	-0.001144
2968.000000	0.018235
2970.000000	0.040970
2972.000000	0.061723
2974.000000	0.084154
2976.000000	0.106889
2978.000000	0.128405
2980.000000	0.151293
2982.000000	0.171588
2984.000000	0.191882
2986.000000	0.213550
2988.000000	0.232776
2990.000000	0.252003
2992.000000	0.270008
2994.000000	0.287556
2996.000000	0.302815
2998.000000	0.319295
3000.000000	0.334096
3002.000000	0.347219
3004.000000	0.360189
3006.000000	0.369802
3008.000000	0.379568
3010.000000	0.388266
3012.000000	0.392844
3014.000000	0.398489
3016.000000	0.401541
3018.000000	0.402304
3020.000000	0.396963
3022.000000	0.390707
3024.000000	0.385824
3026.000000	0.381094
3028.000000	0.377127
3030.000000	0.368734
3032.000000	0.358511
3034.000000	0.349203
3036.000000	0.336996
3038.000000	0.325704
3040.000000	0.310445
3042.000000	0.294270
3044.000000	0.279316
3046.000000	0.261158
3048.000000	0.244068
3050.000000	0.224384
3052.000000	0.204242
3054.000000	0.185321
3056.000000	0.162890
3058.000000	0.142290
3060.000000	0.119860
3062.000000	0.098344
3064.000000	0.078202
3066.000000	0.056229
3068.000000	0.036393
3070.000000	0.015335
3072.000000	-0.004196
3074.000000	-0.024338
3076.000000	-0.044022
3078.000000	-0.061875
3080.000000	-0.080949
3082.000000	-0.097429
3084.000000	-0.112535
3086.000000	-0.127642
3088.000000	-0.140307
3090.000000	-0.153429
3092.000000	-0.163195
3094.000000	-0.172656
3096.000000	-0.181201
3098.000000	-0.187915
3100.000000	-0.194018
3102.000000	-0.197070
3104.000000	-0.200580
3106.000000	-0.202106
3108.000000	-0.190204
3110.000000	-0.187610
3112.000000	-0.181506
3114.000000	-0.177996
3116.000000	-0.171130
3118.000000	-0.159380
3120.000000	-0.154040
3122.000000	-0.139696
3124.000000	-0.128710
3126.000000	-0.117723
3128.000000	-0.099107
3130.000000	-0.087510
3132.000000	-0.069657
3134.000000	-0.051347
3136.000000	-0.035477
3138.000000	-0.014572
3140.000000	0.004807
3142.000000	0.024796
3144.000000	0.045396
3146.000000	0.067826
3148.000000	0.087205
3150.000000	0.107652
3152.000000	0.129931
3154.000000	0.147631
3156.000000	0.170825
3158.000000	0.190661
3160.000000	0.208209
3162.000000	0.230488
3164.000000	0.246662
3166.000000	0.264973
3168.000000	0.282979
3170.000000	0.297169
3172.000000	0.313344
3174.000000	0.326162
3176.000000	0.338216
3178.000000	0.349508
3180.000000	0.360342
3182.000000	0.367971
3184.000000	0.375296
3186.000000	0.381857
3188.000000	0.385061
3190.000000	0.389639
3192.000000	0.390860
3194.000000	0.391012
3196.000000	0.392996
3198.000000	0.383841
3200.000000	0.371481
3202.000000	0.366140
3204.000000	0.361257
3206.000000	0.349966
3208.000000	0.342336
3210.000000	0.332265
3212.000000	0.317159
3214.000000	0.305409
3216.000000	0.291371
3218.000000	0.273823
3220.000000	0.259480
3222.000000	0.241627
3224.000000	0.222095
3226.000000	0.207446
3228.000000	0.188067
3230.000000	0.167315
3232.000000	0.150225
3234.000000	0.128252
3236.000000	0.107652
3238.000000	0.089036
3240.000000	0.065690
3242.000000	0.047074
3244.000000	0.028153
3246.000000	0.006180
3248.000000	-0.010147
3250.000000	-0.028305
3252.000000	-0.047990
3254.000000	-0.061875
3256.000000	-0.077440
3258.000000	-0.094072
3260.000000	-0.105364
3262.000000	-0.119707
3264.000000	-0.132219
3266.000000	-0.140307
3268.000000	-0.152209
3270.000000	-0.159686
3272.000000	-0.165179
3274.000000	-0.173571
3276.000000	-0.175860
3278.000000	-0.178149
3280.000000	-0.182116
3282.000000	-0.172045
3284.000000	-0.160906
3286.000000	-0.162585
3288.000000	-0.156329
3290.000000	-0.150683
3292.000000	-0.145495
3294.000000	-0.132677
3296.000000	-0.123980
3298.000000	-0.113451
3300.000000	-0.097734
3302.000000	-0.086900
3304.000000	-0.070115
3306.000000	-0.053788
3308.000000	-0.040055
3310.000000	-0.021439
3312.000000	-0.003281
3314.000000	0.013504
3316.000000	0.034257
3318.000000	0.053483
3320.000000	0.071489
3322.000000	0.093767
3324.000000	0.113298
3326.000000	0.132067
3328.000000	0.154955
3330.000000	0.172808
3332.000000	0.192187
3334.000000	0.213397
3336.000000	0.229267
3338.000000	0.248798
3340.000000	0.267109
3342.000000	0.280690
3344.000000	0.298390
3346.000000	0.313039
3348.000000	0.324331
3350.000000	0.338521
3352.000000	0.348898
3354.000000	0.357595
3356.000000	0.367971
3358.000000	0.373770
3360.000000	0.379110
3362.000000	0.385367
3364.000000	0.387045
3366.000000	0.379110
3368.000000	0.377432
3370.000000	0.373312
3372.000000	0.371328
3374.000000	0.369497
3376.000000	0.361715
3378.000000	0.356680
3380.000000	0.348440
3382.000000	0.337606
3384.000000	0.328145
3386.000000	0.314565
3388.000000	0.300679
3390.000000	0.287098
3392.000000	0.270771
3394.000000	0.252766
3396.000000	0.232624
3398.000000	0.213855
3400.000000	0.198901
3402.000000	0.181659
3404.000000	0.161517
3406.000000	0.141985
3408.000000	0.121996
3410.000000	0.100786
3412.000000	0.082170
3414.000000	0.062181
3416.000000	0.040818
3418.000000	0.022812
3420.000000	0.001907
3422.000000	-0.017319
3424.000000	-0.034562
3426.000000	-0.053025
3428.000000	-0.070573
3430.000000	-0.085069
3432.000000	-0.101396
3434.000000	-0.115129
3436.000000	-0.127031
3438.000000	-0.140307
3440.000000	-0.150378
3442.000000	-0.159075
3444.000000	-0.168841
3446.000000	-0.174029
3448.000000	-0.179370
3450.000000	-0.184558
3452.000000	-0.185473
3454.000000	-0.188678
3456.000000	-0.188067
3458.000000	-0.188220
3460.000000	-0.188373
3462.000000	-0.173114
3464.000000	-0.163500
3466.000000	-0.167926
3468.000000	-0.146410
3470.000000	-0.137865
3472.000000	-0.133593
3474.000000	-0.107652
3476.000000	-0.100023
3478.000000	-0.088121
3480.000000	-0.058824
3482.000000	-0.051194
3484.000000	-0.032425
3486.000000	-0.003281
3488.000000	0.003128
3490.000000	0.029679
3492.000000	0.055467
3494.000000	0.063859
3496.000000	0.094377
3498.000000	0.115282
3500.000000	0.127031
3502.000000	0.159838
3504.000000	0.176013
3506.000000	0.190509
3508.000000	0.221790
3510.000000	0.233234
3512.000000	0.249866
3514.000000	0.276417
3516.000000	0.283742
3518.000000	0.302358
3520.000000	0.323262
3522.000000	0.325551
3524.000000	0.345388
3526.000000	0.358358
3528.000000	0.358663
3530.000000	0.377127
3532.000000	0.382315
3534.000000	0.381552
3536.000000	0.396506
3538.000000	0.387655
3540.000000	0.378195
3542.000000	0.388724
3544.000000	0.380789
3546.000000	0.376211
3548.000000	0.381399
3550.000000	0.365377
3552.000000	0.360189
3554.000000	0.358816
3556.000000	0.336843
3558.000000	0.330587
3560.000000	0.319905
3562.000000	0.295338
3564.000000	0.290761
3566.000000	0.271229
3568.000000	0.247730
3570.000000	0.239796
3572.000000	0.215839
3574.000000	0.194781
3576.000000	0.183948
3578.000000	0.156024
3580.000000	0.135424
3582.000000	0.121843
3584.000000	0.092088
3586.000000	0.074846
3588.000000	0.058824
3590.000000	0.029068
3592.000000	0.016098
3594.000000	-0.003281
3596.000000	-0.030137
3598.000000	-0.039139
3600.000000	-0.061112
3602.000000	-0.081712
3604.000000	-0.088884
3606.000000	-0.110246
3608.000000	-0.124590
3610.000000	-0.129625
3612.000000	-0.149004
3614.000000	-0.156634
3616.000000	-0.160601
3618.000000	-0.176165
3620.000000	-0.177234
3622.000000	-0.180285
3624.000000	-0.191272
3626.000000	-0.185473
3628.000000	-0.188373
3630.000000	-0.185931
3632.000000	-0.167468
3634.000000	-0.169909
3636.000000	-0.166552
3638.000000	-0.152209
3640.000000	-0.150530
3642.000000	-0.140307
3644.000000	-0.123522
3646.000000	-0.116808
3648.000000	-0.103227
3650.000000	-0.084154
3652.000000	-0.076524
3654.000000	-0.056077
3656.000000	-0.035172
3658.000000	-0.026780
3660.000000	0.000229
3662.000000	0.017319
3664.000000	0.031052
3666.000000	0.062486
3668.000000	0.072557
3670.000000	0.092851
3672.000000	0.121080
3674.000000	0.132067
3676.000000	0.155413
3678.000000	0.178149
3680.000000	0.190814
3682.000000	0.213855
3684.000000	0.234302
3686.000000	0.245136
3688.000000	0.266957
3690.000000	0.283894
3692.000000	0.291829
3694.000000	0.314260
3696.000000	0.323110
3698.000000	0.330587
3700.000000	0.350881
3702.000000	0.351797
3704.000000	0.361257
3706.000000	0.374075
3708.000000	0.370108
3710.000000	0.379110
3712.000000	0.383688
3714.000000	0.377890
3716.000000	0.383536
3718.000000	0.371633
3720.000000	0.361715
3722.000000	0.362783
3724.000000	0.352712
3726.000000	0.344625
3728.000000	0.341115
3730.000000	0.325246
3732.000000	0.314260
3734.000000	0.307088
3736.000000	0.285878
3738.000000	0.275196
3740.000000	0.261616
3742.000000	0.237812
3744.000000	0.227131
3746.000000	0.207752
3748.000000	0.184863
3750.000000	0.172808
3752.000000	0.149310
3754.000000	0.129168
3756.000000	0.113451
3758.000000	0.089799
3760.000000	0.071031
3762.000000	0.054704
3764.000000	0.031662
3766.000000	0.013657
3768.000000	-0.001450
3770.000000	-0.023880
3772.000000	-0.038987
3774.000000	-0.054704
3776.000000	-0.075151
3778.000000	-0.084154
3780.000000	-0.101091
3782.000000	-0.116350
3784.000000	-0.123064
3786.000000	-0.137865
3788.000000	-0.146715
3790.000000	-0.151598
3792.000000	-0.163348
3794.000000	-0.167620
3796.000000	-0.170214
3798.000000	-0.176776
3800.000000	-0.175402
3802.000000	-0.174945
3804.000000	-0.177539
3806.000000	-0.171740
3808.000000	-0.160296
3810.000000	-0.156024
3812.000000	-0.140764
3814.000000	-0.137102
3816.000000	-0.130694
3818.000000	-0.112383
3820.000000	-0.106889
3822.000000	-0.093767
3824.000000	-0.075151
3826.000000	-0.067063
